,Breathing Depth
0,14.303156
1,14.335609
2,14.333868
3,14.338266
4,14.313166
5,14.300391
6,14.344231
7,12.372804
8,14.282554
9,9.347704
10,14.315303
11,14.332084
12,14.2933445
13,14.320816
14,10.375689
15,14.278102
16,14.348963
17,13.970728
18,14.164389
19,11.544879
20,7.7771754
21,7.1452847
22,6.75701
23,6.872803
24,14.193539
25,8.071963
26,14.156835
27,14.239038
28,8.1174555
29,7.6101084
30,6.704857
31,6.7881413
32,14.100113
33,7.364903
34,7.3808446
35,14.205153
36,13.215191
37,7.696533
38,14.024445
39,14.322999
40,12.906067
41,13.849934
42,7.858036
43,7.6213536
44,14.17926
45,7.6328297
46,6.9788976
47,6.683217
48,8.342797
49,7.1308804
50,9.751261
51,7.2560263
52,12.244275
53,7.2249737
54,6.590239
55,10.67194
56,13.840668
57,7.716404
58,6.639346
59,7.1368794
60,6.547558
61,13.968589
62,6.6928053
63,9.772544
64,10.113193
65,7.39795
66,6.412717
67,5.986492
68,8.293408
69,6.880827
70,13.50062
71,6.927302
72,6.414028
73,6.0882807
74,13.540968
75,14.115285
76,7.3548083
77,6.5782347
78,8.566702
79,7.1120415
80,6.144596
81,13.865399
82,14.245948
83,14.283613
84,14.202135
85,14.3263445
86,8.017415
87,6.85139
88,6.3661084
89,6.3286824
90,6.1076784
91,5.9928384
92,5.7888947
93,5.6798716
94,6.0122623
95,12.828826
96,6.4869084
97,5.9366884
98,5.6959352
99,5.7631903
100,5.32453
101,8.492688
102,5.8175044
103,9.386426
104,9.877229
105,6.745484
106,5.7665277
107,5.5761037
108,8.895893
109,6.0236716
110,5.7175646
111,5.7026987
112,11.606581
113,12.260331
114,6.487421
115,5.8973036
116,13.609937
117,11.858493
118,6.382188
119,6.3738427
120,5.619732
121,5.9942403
122,5.4910226
123,5.7907066
124,8.181395
125,11.585887
126,9.032083
127,7.592712
128,6.8678045
129,7.088225
130,5.6957946
131,5.6607137
132,5.4953995
133,5.413846
134,11.276662
135,6.193672
136,9.910928
137,6.3007536
138,8.942868
139,12.312983
140,14.095371
141,14.279642
142,12.02592
143,6.4091387
144,7.9341674
145,6.458891
146,9.613109
147,6.3468375
148,5.700687
149,5.6992064
150,5.784106
151,5.493108
152,11.007666
153,13.855798
154,6.643602
155,5.939205
156,13.014633
157,13.38727
158,6.204815
159,6.0354347
160,13.767103
161,6.5302124
162,7.578826
163,10.599844
164,6.5609818
165,8.14816
166,6.120992
167,5.9767885
168,5.7086983
169,5.5783253
170,5.635207
171,5.639381
172,5.8740687
173,13.937777
174,9.990263
175,7.126942
176,6.2205215
177,13.762611
178,6.4930997
179,8.856921
180,14.022303
181,7.3086452
182,14.1466255
183,14.113293
184,14.208875
185,7.5976057
186,6.382664
187,9.277933
188,6.409992
189,6.8020797
190,14.128507
191,7.752712
192,6.1800203
193,14.158231
194,6.858917
195,6.4651103
196,6.09993
197,5.7341385
198,5.7039447
199,5.7092295
200,5.4605174
201,5.346195
202,5.101597
203,9.158284
204,14.112856
205,6.3152804
206,12.846921
207,6.7770085
208,6.0029573
209,5.7181664
210,5.594546
211,5.5389514
212,5.402105
213,13.398871
214,12.410252
215,6.275917
216,5.869219
217,5.7965145
218,12.531734
219,7.925756
220,14.186699
221,7.810135
222,5.9856234
223,7.9836073
224,14.049935
225,6.231347
226,6.0210395
227,10.774163
228,14.142433
229,14.285426
230,14.11002
231,7.6197557
232,6.29081
233,10.737497
234,12.776805
235,6.4049225
236,6.0095115
237,14.211783
238,6.6892004
239,6.1789575
240,14.155124
241,14.180926
242,14.250911
243,7.745707
244,13.872228
245,7.0681963
246,13.397668
247,7.018631
248,7.946969
249,6.18567
250,13.842281
251,6.9216046
252,6.042825
253,6.3230863
254,5.818171
255,5.5801473
256,6.822649
257,7.1927533
258,13.745634
259,6.7008767
260,5.943341
261,14.122608
262,7.2032056
263,9.992315
264,6.384304
265,12.115702
266,6.7200174
267,6.603747
268,5.753544
269,5.679945
270,5.6216283
271,6.5595446
272,13.711891
273,6.511623
274,8.70218
275,6.0728345
276,5.876938
277,6.0505457
278,7.709549
279,6.159434
280,6.137473
281,5.813276
282,8.499202
283,6.5858417
284,6.030062
285,6.423694
286,5.6556244
287,13.664108
288,6.315298
289,5.809839
290,5.454381
291,5.3753247
292,5.257293
293,5.152933
294,4.9689875
295,5.760182
296,10.289422
297,6.1230807
298,14.040033
299,6.472719
300,5.6725063
301,5.416456
302,5.126275
303,5.29026
304,5.97932
305,8.588714
306,5.6498723
307,6.2550893
308,5.463757
309,8.3073225
310,5.654791
311,5.428612
312,5.120229
313,4.966353
314,6.580844
315,5.5829077
316,6.5955925
317,13.472353
318,14.101672
319,6.358851
320,5.925481
321,5.5848017
322,5.377825
323,5.2206964
324,5.0345445
325,5.0084934
326,4.803199
327,4.6975107
328,4.7291
329,4.8560467
330,4.6156774
331,4.5792165
332,4.4377117
333,6.366997
334,5.177264
335,4.814193
336,4.5935435
337,4.5400267
338,7.7343903
339,5.0436993
340,4.780381
341,9.3984375
342,6.1914973
343,5.1349187
344,4.7812724
345,4.826571
346,7.469193
347,6.9202614
348,5.590669
349,5.1432133
350,8.214682
351,6.0239525
352,5.256897
353,7.6056166
354,5.745135
355,5.2208204
356,5.1564765
357,4.859642
358,4.757563
359,4.6472654
360,6.403583
361,8.868379
362,12.583096
363,7.7287107
364,7.6690702
365,10.954588
366,8.152654
367,5.8537483
368,5.3469996
369,11.006724
370,5.8782306
371,5.640711
372,5.3582735
373,5.1010075
374,5.3148527
375,4.982387
376,4.9138064
377,8.454115
378,12.812062
379,10.8181925
380,6.195056
381,5.4687295
382,5.1781225
383,7.0471463
384,13.795128
385,6.4452176
386,13.927768
387,12.695258
388,6.417792
389,5.755165
390,9.386742
391,6.163209
392,5.513465
393,8.099536
394,6.2403903
395,5.566831
396,5.436388
397,7.9459867
398,6.36851
399,14.179673
400,6.3336816
401,5.813004
402,5.858974
403,5.5274277
404,5.328729
405,5.0893784
406,12.137621
407,5.9548335
408,5.453125
409,5.2531037
410,7.501076
411,5.8002615
412,6.050901
413,5.6127176
414,5.2434244
415,8.657904
416,7.7548394
417,14.23894
418,7.038287
419,6.033586
420,5.869792
421,5.6655974
422,5.36854
423,5.340669
424,5.1311903
425,5.0977573
426,5.0105467
427,8.026175
428,5.7197146
429,5.1698213
430,11.080089
431,5.65711
432,5.349606
433,5.098698
434,4.899393
435,4.9977946
436,4.914583
437,4.8449574
438,4.6382227
439,5.072911
440,4.9068694
441,4.7277694
442,5.253704
443,6.215838
444,4.98002
445,4.95367
446,4.969565
447,4.6019297
448,4.690997
449,4.391405
450,4.4911857
451,4.2957344
452,6.6256366
453,5.324438
454,4.8609476
455,4.621554
456,5.28021
457,4.9325304
458,8.3703
459,13.5283165
460,5.889748
461,5.1876125
462,5.628159
463,11.554106
464,5.940119
465,5.3356605
466,6.2041216
467,5.533855
468,13.328807
469,5.826239
470,8.9368515
471,6.1143675
472,13.2309675
473,6.004187
474,11.499703
475,6.45243
476,5.6755104
477,5.3373055
478,5.8320913
479,5.396235
480,5.286556
481,5.1232777
482,4.9387302
483,5.0649996
484,4.691184
485,4.775666
486,4.6484437
487,4.6343126
488,4.540167
489,4.491008
490,4.5189867
491,4.3968973
492,4.3415995
493,4.3261056
494,4.254528
495,4.1611934
496,4.2720575
497,4.1105566
498,4.11959
499,4.1492276
500,4.077655
501,6.3769336
502,5.7615466
503,12.697182
504,5.3177934
505,6.342988
506,5.3483915
507,4.927676
508,4.831176
509,12.887951
510,5.6241956
511,5.050462
512,4.9443197
513,11.818292
514,5.6919413
515,5.230712
516,5.1044545
517,4.877217
518,10.991259
519,5.716241
520,4.950131
521,4.9329147
522,4.793195
523,8.505808
524,5.3185153
525,4.937597
526,4.872578
527,4.644547
528,4.6127825
529,12.352531
530,12.998956
531,13.526244
532,6.999163
533,5.5782166
534,5.374715
535,5.012039
536,6.9720078
537,13.781016
538,14.212466
539,14.17556
540,6.993098
541,8.946599
542,7.3844957
543,5.828867
544,5.5045753
545,5.176819
546,8.019018
547,5.7404027
548,5.2184286
549,5.208479
550,5.011449
551,5.0902624
552,4.9085336
553,4.731534
554,4.8298383
555,4.606084
556,4.809492
557,4.633351
558,6.038121
559,5.1615376
560,5.0006537
561,4.860579
562,4.92606
563,4.610169
564,4.5755973
565,4.5212307
566,4.4401736
567,6.7963824
568,5.1112885
569,4.9143486
570,12.920771
571,5.6862526
572,10.286661
573,14.002495
574,6.776543
575,13.962613
576,9.71056
577,10.027451
578,6.677174
579,5.8331923
580,12.8319845
581,13.427851
582,6.325858
583,13.447705
584,6.4943895
585,13.225337
586,6.7476788
587,5.763969
588,5.897413
589,5.5323324
590,5.370908
591,10.379984
592,7.293951
593,5.8259563
594,5.6018267
595,7.8375044
596,7.179621
597,8.390068
598,13.2206135
599,6.154838
600,13.57848
601,12.765149
602,6.1319346
603,5.797299
604,5.5889583
605,5.4509306
606,5.56411
607,5.1627674
608,5.188096
609,5.13395
610,5.0068827
611,5.303995
612,7.790113
613,5.845304
614,5.6160116
615,5.031528
616,5.2080393
617,4.9282317
618,4.8780947
619,4.8991313
620,4.5709667
621,4.826114
622,4.6011825
623,5.1693587
624,6.0424647
625,5.339419
626,4.8601117
627,4.800614
628,4.9034543
629,6.149149
630,5.484308
631,5.157639
632,4.853277
633,4.9387445
634,4.6965365
635,4.5228653
636,4.5725775
637,4.268782
638,4.383709
639,4.22811
640,4.257793
641,4.0636435
642,4.1110425
643,4.062899
644,3.984477
645,3.9021494
646,5.0779505
647,4.5480313
648,5.2808065
649,4.75533
650,4.469718
651,4.315365
652,4.145985
653,4.10737
654,4.09389
655,3.9884267
656,3.9332316
657,3.8817372
658,3.9040608
659,3.8694506
660,3.788685
661,5.237728
662,5.765624
663,5.323072
664,10.977385
665,5.2957454
666,4.712719
667,4.6110597
668,4.3489127
669,5.8058786
670,4.897035
671,9.073707
672,5.5274553
673,4.8925376
674,4.660986
675,4.533845
676,8.62168
677,5.346426
678,4.712796
679,5.502367
680,13.921089
681,5.6113987
682,10.338445
683,5.409899
684,9.690337
685,5.948558
686,5.3733478
687,5.3573194
688,4.973704
689,12.922184
690,5.864486
691,5.073753
692,7.9415665
693,13.152431
694,5.8420944
695,5.7640805
696,5.0800457
697,11.324682
698,6.681293
699,6.116839
700,7.741225
701,5.836892
702,13.747823
703,8.001744
704,13.830393
705,8.0565605
706,6.034345
707,5.468058
708,5.3805666
709,5.323257
710,5.200344
711,5.674979
712,5.4462667
713,5.416275
714,5.7926745
715,5.550168
716,5.145265
717,5.1438284
718,12.564013
719,6.336134
720,14.000985
721,6.081745
722,7.557241
723,6.3065786
724,5.5075717
725,5.4897227
726,9.752867
727,6.181323
728,5.4657984
729,5.3712945
730,5.248603
731,5.314194
732,5.7077928
733,5.5607977
734,5.103764
735,6.804431
736,5.543985
737,5.318509
738,4.985434
739,4.9954696
740,4.9173555
741,4.813551
742,8.413351
743,5.4581704
744,5.140154
745,4.9009748
746,4.7134686
747,5.07595
748,4.9470625
749,4.6609654
750,4.6626573
751,4.650268
752,5.3406844
753,7.9340343
754,5.220661
755,10.785082
756,6.2820125
757,13.775891
758,6.3630166
759,5.478622
760,5.2943974
761,13.317355
762,5.814029
763,9.811606
764,5.595696
765,5.2645354
766,5.108752
767,8.245424
768,5.972042
769,5.2948503
770,4.992154
771,4.9483223
772,4.825742
773,4.830014
774,4.6774025
775,4.572725
776,4.6018424
777,4.465929
778,4.4918604
779,4.3487043
780,4.644868
781,4.4827228
782,4.275712
783,4.295903
784,4.142159
785,4.1724358
786,4.163422
787,3.9833465
788,4.0374093
789,3.9874108
790,3.9726105
791,4.0806203
792,7.5232315
793,4.948438
794,4.4363933
795,4.379522
796,8.965363
797,5.0589333
798,4.557376
799,4.430414
800,4.4050317
801,5.456126
802,11.204566
803,5.3920994
804,9.055365
805,5.598973
806,4.925997
807,4.7668085
808,5.959288
809,5.637635
810,5.235269
811,4.851443
812,4.7900534
813,4.6693883
814,4.571219
815,4.545123
816,4.4192533
817,4.304543
818,4.228678
819,6.035139
820,5.1763477
821,4.6348495
822,4.4714746
823,4.301763
824,4.2273016
825,4.2164173
826,4.1229343
827,4.0665894
828,4.018931
829,3.9390519
830,4.021986
831,3.807513
832,3.9561493
833,3.7728324
834,6.0593014
835,4.987218
836,4.2588077
837,4.142112
838,4.1721644
839,8.003257
840,7.3186164
841,4.953371
842,4.659131
843,4.9445424
844,4.592757
845,4.484778
846,4.235563
847,4.276803
848,6.309303
849,7.3328733
850,5.197729
851,4.7492332
852,4.7266836
853,6.602552
854,6.127912
855,5.377915
856,4.8431864
857,4.753903
858,4.577451
859,4.607909
860,4.4290814
861,4.3569355
862,4.281166
863,4.167331
864,4.1997085
865,5.6326766
866,4.6705976
867,4.519379
868,4.300279
869,4.17889
870,4.172457
871,3.9867547
872,4.1019244
873,4.0038605
874,4.7704372
875,4.300387
876,4.1397786
877,4.1131806
878,7.904269
879,6.575126
880,12.647351
881,5.4815207
882,9.002809
883,5.6209884
884,4.964372
885,4.788971
886,4.70576
887,4.727807
888,4.474225
889,9.422011
890,5.3713303
891,6.0680985
892,5.0561314
893,5.839368
894,5.110011
895,4.8930798
896,4.608996
897,4.5721536
898,4.574989
899,6.696719
900,13.813731
901,5.623836
902,5.1553183
903,4.930338
904,4.8593802
905,4.6774607
906,4.5639005
907,4.470177
908,4.4764524
909,4.376387
910,4.3033514
911,4.2797604
912,4.3686547
913,4.29137
914,4.121248
915,4.0374002
916,5.9737325
917,5.5624356
918,4.8722057
919,4.5179806
920,5.09908
921,10.6942005
922,5.452509
923,4.859791
924,4.724713
925,4.627897
926,8.62747
927,5.3075104
928,4.812517
929,4.8231654
930,4.582173
931,4.617127
932,4.4319706
933,4.472274
934,4.253568
935,4.2450266
936,4.2315745
937,4.3164406
938,4.2038507
939,4.0913877
940,4.1140532
941,3.9903731
942,5.0902085
943,4.397938
944,4.1590757
945,4.1019273
946,4.0300665
947,4.083633
948,3.938843
949,3.9692857
950,3.9522147
951,6.064345
952,4.8148084
953,7.217893
954,5.195134
955,8.42313
956,11.494504
957,14.106249
958,8.086456
959,14.127958
960,14.22418
961,6.1304436
962,5.7391567
963,5.4024734
964,13.514368
965,13.861024
966,6.1362514
967,9.970394
968,14.197747
969,14.255123
970,7.242054
971,5.9374337
972,11.514723
973,14.10173
974,6.7103753
975,13.840179
976,12.410068
977,7.0555005
978,5.7622585
979,7.2422347
980,14.128682
981,14.29532
982,14.14662
983,14.230685
984,14.268017
985,14.252672
986,14.222438
987,14.240265
988,14.2996435
989,14.233542
990,10.822724
991,10.788445
992,14.143229
993,11.670447
994,13.263854
995,14.026077
996,8.708979
997,14.241507
998,14.290031
999,14.188223
1000,14.247369
1001,14.245561
1002,14.067021
1003,13.661916
1004,14.107616
1005,13.441887
1006,14.13803
1007,12.085295
1008,14.296396
1009,8.932929
1010,14.234682
1011,13.930065
1012,14.241856
1013,13.7332325
1014,13.429826
1015,10.521871
1016,14.209503
1017,14.3087635
1018,14.050028
1019,14.297052
1020,14.221073
1021,13.642647
1022,13.58446
1023,14.124811
1024,14.156763
1025,13.796131
1026,13.902859
1027,7.3507357
1028,8.3492565
1029,6.987627
1030,8.487219
1031,6.960542
1032,8.977415
1033,13.16329
1034,7.4627643
1035,13.304725
1036,14.102306
1037,13.135199
1038,10.123998
1039,7.5544577
1040,9.566397
1041,13.75394
1042,9.718181
1043,7.756258
1044,8.989884
1045,10.156635
1046,7.5578012
1047,8.242993
1048,13.360703
1049,7.5163937
1050,7.4688344
1051,9.080698
1052,7.1766653
1053,6.957794
1054,13.82149
1055,10.8972845
1056,7.5073876
1057,12.952815
1058,13.369167
1059,13.579929
1060,10.377101
1061,8.416654
1062,12.451232
1063,13.379396
1064,14.222961
1065,10.770533
1066,10.652521
1067,11.8151865
1068,10.021257
1069,11.174185
1070,8.287862
1071,7.8387175
1072,6.7902412
1073,7.785303
1074,10.657407
1075,13.121525
1076,8.667645
1077,9.139891
1078,6.805731
1079,8.968906
1080,9.023905
1081,9.084809
1082,9.197157
1083,7.4527283
1084,12.920862
1085,13.307702
1086,6.8652444
1087,6.4137855
1088,10.211478
1089,6.9841204
1090,8.486111
1091,13.292334
1092,13.36172
1093,13.322729
1094,9.516421
1095,9.324733
1096,8.3129425
1097,6.9697456
1098,13.076219
1099,10.212344
1100,6.945868
1101,14.28346
1102,12.185893
1103,9.97912
1104,9.62135
1105,7.2485313
1106,8.817548
1107,7.1632376
1108,8.439358
1109,10.051771
1110,6.7540855
1111,7.551823
1112,10.447321
1113,9.304273
1114,7.943254
1115,6.7467356
1116,6.8986115
1117,9.420576
1118,9.6032295
1119,8.273996
1120,7.125327
1121,7.7730556
1122,7.5771537
1123,6.499175
1124,8.704397
1125,12.147154
1126,8.300511
1127,7.595045
1128,13.7767935
1129,14.046513
1130,9.120473
1131,9.610409
1132,11.781618
1133,12.63154
1134,8.3724
1135,13.251196
1136,8.051819
1137,10.923524
1138,9.67392
1139,7.0269566
1140,6.5060334
1141,6.4090557
1142,14.094677
1143,14.245603
1144,13.561434
1145,11.735286
1146,8.305187
1147,9.583472
1148,12.964025
1149,9.729256
1150,14.272193
1151,8.80938
1152,7.7895236
1153,10.8974495
1154,6.937455
1155,13.929641
1156,11.450338
1157,11.9811
1158,13.651799
1159,13.64838
1160,9.268539
1161,10.112049
1162,13.856108
1163,14.016709
1164,12.439173
1165,10.736264
1166,13.637042
1167,10.159417
1168,13.551824
1169,13.558621
1170,10.458915
1171,10.73332
1172,7.3474994
1173,6.5384274
1174,9.396709
1175,10.711026
1176,7.2081637
1177,9.452823
1178,14.046075
1179,12.214104
1180,9.798555
1181,9.619921
1182,14.262602
1183,13.715659
1184,8.793892
1185,6.9365907
1186,10.229546
1187,9.462644
1188,8.41355
1189,8.73248
1190,11.065843
1191,14.289182
1192,14.139741
1193,11.077219
1194,14.150159
1195,7.6461124
1196,7.523828
1197,7.843504
1198,7.7536616
1199,14.2039585
1200,13.914299
1201,13.081149
1202,11.547372
1203,12.165006
1204,10.095146
1205,7.070069
1206,11.5888195
1207,9.263629
1208,13.048178
1209,6.9281883
1210,7.0184216
1211,8.185473
1212,9.25296
1213,7.594766
1214,7.4460087
1215,14.068653
1216,7.4997406
1217,8.470144
1218,9.928136
1219,14.1071205
1220,9.326214
1221,14.073362
1222,7.7728267
1223,7.786608
1224,8.615025
1225,7.808625
1226,9.514377
1227,9.3917265
1228,8.853062
1229,9.129295
1230,7.836019
1231,7.680963
1232,12.898674
1233,11.865795
1234,7.1817956
1235,14.176901
1236,8.290972
1237,7.001467
1238,6.563264
1239,6.3069334
1240,6.114425
1241,10.7189
1242,6.8984933
1243,6.9866304
1244,9.256242
1245,6.6745505
1246,7.8792286
1247,8.681179
1248,7.896455
1249,7.0495214
1250,10.221592
1251,9.312104
1252,8.167871
1253,8.369688
1254,7.0451617
1255,8.168611
1256,9.203127
1257,13.719812
1258,14.280427
1259,9.178983
1260,6.795541
1261,8.1477165
1262,6.882303
1263,6.2130384
1264,5.971261
1265,5.9020433
1266,9.8052025
1267,6.280606
1268,5.9666605
1269,7.0667143
1270,6.1626315
1271,5.884275
1272,5.586787
1273,5.428721
1274,5.7212543
1275,5.7076373
1276,5.4428916
1277,9.474266
1278,5.9509387
1279,5.6962085
1280,5.3912153
1281,5.291422
1282,5.351161
1283,5.0256314
1284,5.059363
1285,12.005119
1286,5.8460636
1287,5.268984
1288,5.2094064
1289,5.024411
1290,5.0447516
1291,4.8761168
1292,4.7275906
1293,7.1792374
1294,5.8454394
1295,5.189541
1296,7.1871595
1297,8.063614
1298,8.366088
1299,13.972475
1300,9.758256
1301,7.4338946
1302,13.952969
1303,12.463628
1304,14.053591
1305,14.213142
1306,7.428544
1307,13.969564
1308,13.432731
1309,13.503248
1310,14.228056
1311,14.168406
1312,14.063063
1313,8.751082
1314,14.0455885
1315,14.180418
1316,14.150152
1317,11.013076
1318,14.276121
1319,14.27864
1320,14.190796
1321,12.110813
1322,13.822247
1323,13.62146
1324,13.663227
1325,12.083301
1326,13.64475
1327,14.2969885
1328,10.505374
1329,13.785313
1330,11.714219
1331,14.24793
1332,8.789744
1333,7.0764966
1334,9.130291
1335,7.282459
1336,14.266905
1337,7.7097616
1338,13.899683
1339,13.952279
1340,9.129976
1341,6.9415736
1342,7.1089272
1343,6.7639084
1344,6.4229565
1345,6.281486
1346,6.081439
1347,13.316141
1348,13.480105
1349,7.163163
1350,6.4284463
1351,6.4064674
1352,6.3575435
1353,6.1535273
1354,6.032775
1355,5.9333243
1356,12.817484
1357,10.597492
1358,14.216984
1359,14.252669
1360,8.171685
1361,8.219254
1362,7.0052786
1363,7.072611
1364,6.763072
1365,6.300609
1366,8.761162
1367,6.695585
1368,8.656108
1369,6.752512
1370,6.099925
1371,5.975604
1372,5.957845
1373,5.62946
1374,5.6002984
1375,5.407509
1376,8.534405
1377,6.250072
1378,5.712377
1379,5.386788
1380,5.272058
1381,5.3724155
1382,6.450303
1383,5.5319586
1384,5.2492347
1385,5.1645083
1386,5.0119047
1387,5.0904846
1388,4.6564984
1389,4.8802147
1390,5.710063
1391,5.480964
1392,5.227315
1393,5.669625
1394,5.527964
1395,5.0963936
1396,4.9504795
1397,6.102945
1398,8.4637985
1399,13.497867
1400,13.302169
1401,5.97363
1402,11.674584
1403,7.271466
1404,5.666208
1405,6.3170786
1406,6.0530405
1407,13.433007
1408,12.120926
1409,14.028192
1410,13.998762
1411,6.7033663
1412,6.0442715
1413,7.03175
1414,6.583178
1415,6.277636
1416,14.054866
1417,7.3041177
1418,6.1635294
1419,5.773095
1420,7.006554
1421,7.3860283
1422,9.912851
1423,7.14056
1424,8.541059
1425,13.321541
1426,10.917966
1427,6.4270935
1428,5.7828884
1429,9.884736
1430,6.1551027
1431,6.5920844
1432,5.940166
1433,5.932094
1434,7.350963
1435,5.9703155
1436,13.482366
1437,9.54896
1438,14.025731
1439,13.915944
1440,13.886692
1441,14.268289
1442,14.106577
1443,12.069411
1444,13.72583
1445,14.267693
1446,14.163881
1447,14.304934
1448,14.126068
1449,14.301929
1450,9.637108
1451,13.567928
1452,7.0820255
1453,13.942718
1454,8.557704
1455,13.973663
1456,7.18729
1457,7.116166
1458,7.601928
1459,6.571398
1460,7.2223706
1461,6.2297907
1462,8.291999
1463,11.209803
1464,10.513472
1465,12.041958
1466,14.230334
1467,11.624244
1468,12.1995945
1469,7.905417
1470,12.299939
1471,7.3051796
1472,7.609436
1473,7.0833616
1474,6.4484878
1475,7.060874
1476,6.334216
1477,6.270708
1478,6.0775747
1479,13.911195
1480,7.4484105
1481,6.6560082
1482,8.42196
1483,14.173932
1484,7.178543
1485,6.359295
1486,13.666143
1487,9.734645
1488,10.3610115
1489,6.5502663
1490,6.026144
1491,6.5388484
1492,13.406577
1493,6.526082
1494,6.3212204
1495,6.257058
1496,6.2008386
1497,6.063444
1498,6.2537
1499,11.159685
1500,12.311779
1501,6.6832957
1502,13.432181
1503,14.277789
1504,12.809775
1505,8.413335
1506,6.649651
1507,11.888302
1508,9.61509
1509,14.166711
1510,12.6955805
1511,10.474859
1512,13.1128845
1513,12.778301
1514,6.6318874
1515,7.343338
1516,7.11787
1517,11.390531
1518,7.949192
1519,6.64069
1520,6.2942886
1521,9.357808
1522,6.5066123
1523,8.000567
1524,6.0577254
1525,7.619342
1526,6.631997
1527,5.7298827
1528,6.3265314
1529,5.8501077
1530,7.4860187
1531,8.624965
1532,7.0208616
1533,9.254473
1534,6.2375817
1535,5.9818354
1536,6.921124
1537,6.146156
1538,6.864282
1539,9.01903
1540,8.029248
1541,10.126293
1542,6.4063525
1543,5.9543004
1544,5.5969768
1545,5.894445
1546,13.862352
1547,7.0377584
1548,6.88727
1549,7.177738
1550,7.0782967
1551,6.281908
1552,9.4222975
1553,7.8403473
1554,8.258224
1555,8.872966
1556,6.686436
1557,6.8863525
1558,8.666927
1559,7.280803
1560,6.180982
1561,7.207671
1562,8.904374
1563,7.7300253
1564,10.794204
1565,14.010917
1566,14.112024
1567,13.628146
1568,14.260659
1569,14.2833
1570,14.28937
1571,13.966544
1572,14.277095
1573,14.101448
1574,14.28774
1575,11.789149
1576,7.367666
1577,6.6320143
1578,14.15634
1579,7.877071
1580,13.763731
1581,14.229029
1582,14.309271
1583,14.335561
1584,14.322376
1585,14.325493
1586,10.845844
1587,14.3201475
1588,14.330595
1589,13.733299
1590,14.316452
1591,10.230963
1592,14.178304
1593,14.316373
1594,14.303905
1595,14.313049
1596,13.390045
1597,14.196523
1598,14.295809
1599,14.347762
1600,8.786332
1601,14.310054
1602,14.303776
1603,10.36353
1604,14.299661
1605,10.205882
1606,14.327787
1607,14.302131
1608,14.296842
1609,14.291477
1610,14.243809
1611,14.282783
1612,14.34873
1613,14.339731
1614,14.340309
1615,14.330809
1616,14.21719
1617,14.31471
1618,14.345448
1619,14.347468
1620,14.32173
1621,14.338479
1622,14.354348
1623,14.358822
1624,14.35401
1625,14.359331
1626,14.059402
1627,14.298861
1628,14.362252
1629,10.699312
1630,13.935386
1631,14.295319
1632,14.277496
1633,14.135352
1634,8.38557
1635,7.803195
1636,7.362754
1637,7.427579
1638,11.001026
1639,8.471017
1640,7.5487895
1641,7.313921
1642,6.880861
1643,6.849241
1644,6.629596
1645,10.965535
1646,7.0969434
1647,6.6057367
1648,6.830494
1649,6.4331074
1650,6.4986763
1651,14.0572195
1652,7.498698
1653,7.144037
1654,6.9329033
1655,6.586542
1656,13.752604
1657,8.137787
1658,14.248024
1659,7.751102
1660,13.215397
1661,14.145369
1662,7.7630324
1663,6.7536416
1664,6.628826
1665,6.416799
1666,13.56812
1667,7.168664
1668,6.3342085
1669,11.942745
1670,9.868093
1671,14.248295
1672,9.623776
1673,6.6529408
1674,8.605279
1675,9.025412
1676,8.789098
1677,14.272748
1678,7.54262
1679,6.6641307
1680,8.705088
1681,6.683698
1682,6.5053406
1683,5.995297
1684,5.9440484
1685,5.807814
1686,5.602658
1687,5.4953547
1688,5.3118844
1689,5.324695
1690,7.4949107
1691,11.536303
1692,6.099083
1693,5.6508155
1694,9.801267
1695,14.228168
1696,10.130828
1697,14.226694
1698,7.1730146
1699,6.595863
1700,6.028751
1701,5.6871796
1702,5.6789217
1703,5.529493
1704,5.749077
1705,5.5654397
1706,5.917925
1707,5.7855473
1708,5.7005887
1709,5.6077375
1710,5.5549254
1711,5.31494
1712,4.9867835
1713,9.396111
1714,5.855931
1715,5.4602795
1716,6.1672206
1717,6.0100827
1718,6.545789
1719,5.7066607
1720,6.0086236
1721,9.835246
1722,5.713768
1723,5.3923235
1724,5.3475924
1725,6.349992
1726,8.087221
1727,6.0937195
1728,7.880686
1729,14.138761
1730,14.27931
1731,7.324597
1732,6.106748
1733,5.838476
1734,9.815776
1735,6.806923
1736,13.607322
1737,7.118851
1738,13.880338
1739,6.333322
1740,5.628925
1741,9.177418
1742,7.3356357
1743,5.962257
1744,13.7284775
1745,9.514805
1746,14.206604
1747,8.883893
1748,10.009988
1749,10.260597
1750,7.5762253
1751,6.492453
1752,5.8558946
1753,5.7739477
1754,5.930547
1755,13.788726
1756,10.895445
1757,8.174561
1758,5.905196
1759,13.042102
1760,13.953004
1761,13.7786665
1762,14.272114
1763,14.187591
1764,14.272136
1765,14.310382
1766,14.246927
1767,14.28292
1768,14.326955
1769,14.321713
1770,14.333702
1771,14.309365
1772,14.321419
1773,14.281845
1774,8.667278
1775,8.064049
1776,10.491047
1777,8.082695
1778,9.968701
1779,13.854657
1780,8.943697
1781,7.6548777
1782,14.14552
1783,8.171308
1784,8.931988
1785,9.858028
1786,14.069324
1787,13.745276
1788,6.955896
1789,7.030319
1790,6.293461
1791,6.243556
1792,8.113076
1793,7.1211042
1794,6.3885727
1795,6.521304
1796,6.1134715
1797,6.194197
1798,5.880801
1799,5.9544835
1800,5.625268
1801,13.034782
1802,14.251031
1803,9.594769
1804,11.723094
1805,11.429262
1806,7.310755
1807,6.365042
1808,6.0938993
1809,8.47128
1810,14.056806
1811,9.047057
1812,6.705397
1813,9.766343
1814,8.891069
1815,6.848733
1816,6.3785543
1817,13.974729
1818,6.7707067
1819,8.398401
1820,14.226855
1821,7.7494392
1822,6.634946
1823,13.558313
1824,7.6187067
1825,7.8262815
1826,14.163007
1827,8.811897
1828,6.7333093
1829,6.371566
1830,6.005849
1831,5.877109
1832,6.6278157
1833,6.0971155
1834,6.8577013
1835,7.830352
1836,5.9234004
1837,6.039605
1838,6.9877615
1839,6.5661497
1840,5.8375382
1841,5.5696507
1842,7.520776
1843,6.964094
1844,13.780411
1845,7.2979317
1846,5.761971
1847,6.791438
1848,12.315759
1849,6.9963045
1850,12.257117
1851,13.308473
1852,6.4727297
1853,12.342599
1854,6.734167
1855,6.017734
1856,5.711563
1857,11.527375
1858,6.7265525
1859,5.894665
1860,10.521546
1861,6.4835343
1862,5.953081
1863,8.152654
1864,6.222349
1865,5.8306723
1866,6.0593486
1867,6.02129
1868,14.134176
1869,6.551024
1870,6.3940434
1871,10.325676
1872,6.1891036
1873,6.0249457
1874,5.927926
1875,5.726032
1876,5.9549108
1877,5.712718
1878,7.533609
1879,6.468121
1880,5.696525
1881,10.89434
1882,9.302631
1883,6.31351
1884,13.744142
1885,6.174643
1886,9.017673
1887,7.777597
1888,5.6260204
1889,5.576836
1890,11.655924
1891,6.6000566
1892,8.353284
1893,11.903142
1894,6.337875
1895,5.884559
1896,5.5074053
1897,5.5854955
1898,12.750229
1899,6.2384286
1900,5.5252995
1901,7.403345
1902,5.803308
1903,6.629154
1904,7.4806943
1905,5.8625407
1906,13.596305
1907,13.382534
1908,6.374457
1909,5.9362516
1910,5.5240026
1911,11.463159
1912,14.218983
1913,6.2921886
1914,6.158135
1915,5.818902
1916,5.6050014
1917,5.653189
1918,9.726476
1919,6.3295794
1920,6.060548
1921,5.519539
1922,8.793965
1923,6.8962984
1924,8.728743
1925,7.4761305
1926,5.9446034
1927,5.840831
1928,8.868732
1929,6.0386386
1930,5.4495735
1931,11.153651
1932,5.9530067
1933,5.558507
1934,5.4090557
1935,5.188957
1936,5.2251287
1937,5.36613
1938,5.4167876
1939,8.369504
1940,5.7167435
1941,6.6337543
1942,7.1618104
1943,12.112803
1944,13.584536
1945,7.2270203
1946,11.576686
1947,13.16898
1948,6.659388
1949,5.9997253
1950,8.102935
1951,6.209591
1952,9.740914
1953,7.3286247
1954,6.056558
1955,10.271036
1956,6.013578
1957,5.6378145
1958,5.586187
1959,5.454951
1960,5.2264004
1961,5.1737237
1962,8.508568
1963,8.491081
1964,13.742215
1965,6.685846
1966,12.468992
1967,14.157874
1968,7.2261753
1969,6.1142488
1970,5.6363754
1971,13.708276
1972,6.7806015
1973,6.47335
1974,6.1086864
1975,13.984018
1976,6.5225253
1977,6.138352
1978,5.779594
1979,5.7200828
1980,5.584049
1981,5.2880306
1982,5.2987514
1983,13.729983
1984,14.144367
1985,6.5317464
1986,14.029232
1987,6.5441957
1988,11.172984
1989,13.310541
1990,6.520533
1991,14.143258
1992,7.635909
1993,6.000569
1994,6.676118
1995,13.723772
1996,8.449047
1997,8.443997
1998,5.9963856
1999,9.807952
2000,7.0228605
2001,6.6286497
2002,11.526007
2003,6.433285
2004,6.3193607
2005,13.875615
2006,6.3778486
2007,9.21089
2008,7.12648
2009,5.788077
2010,6.030213
2011,5.523043
2012,5.3808584
2013,5.411982
2014,5.1991777
2015,5.243889
2016,4.943245
2017,7.697845
2018,5.7370358
2019,12.337743
2020,6.3404627
2021,5.718066
2022,5.9027424
2023,12.506151
2024,9.137823
2025,11.661402
2026,6.334275
2027,6.703309
2028,14.042951
2029,9.070765
2030,6.727143
2031,5.8619657
2032,14.077042
2033,6.9221673
2034,13.538629
2035,7.9839916
2036,6.2850738
2037,6.1906457
2038,12.730249
2039,6.7339373
2040,6.120794
2041,9.108897
2042,6.2248936
2043,6.784003
2044,5.95807
2045,5.511775
2046,11.947399
2047,13.494989
2048,6.590408
2049,13.884383
2050,14.103562
2051,7.4006844
2052,12.917973
2053,6.4761415
2054,6.147162
2055,6.07253
2056,5.889967
2057,6.635089
2058,14.247516
2059,6.593409
2060,6.1438217
2061,7.21923
2062,14.055687
2063,14.0714245
2064,6.4513574
2065,14.075885
2066,8.761555
2067,13.817962
2068,6.9121537
2069,11.185971
2070,7.0163817
2071,6.452001
2072,6.176062
2073,5.770283
2074,6.128044
2075,6.275565
2076,6.5618577
2077,8.443183
2078,9.349555
2079,9.897578
2080,6.8621235
2081,6.3050838
2082,6.2706137
2083,6.3056536
2084,5.91189
2085,5.7840905
2086,7.389235
2087,7.152324
2088,6.387456
2089,5.8817935
2090,6.5197067
2091,14.056093
2092,6.502653
2093,5.9106245
2094,6.3623056
2095,5.9808393
2096,5.6919813
2097,5.457105
2098,5.420725
2099,6.095062
2100,6.855418
2101,6.5059195
2102,6.324834
2103,6.1251554
2104,6.728467
2105,6.2893
2106,13.992486
2107,14.206475
2108,7.1064644
2109,5.946215
2110,10.945339
2111,7.841698
2112,6.517186
2113,7.6723247
2114,7.1381516
2115,13.903827
2116,10.576016
2117,11.409452
2118,8.802634
2119,13.227162
2120,7.2565427
2121,6.090099
2122,13.9257765
2123,6.4657507
2124,13.442407
2125,6.4884195
2126,6.2787843
2127,6.165698
2128,5.9456487
2129,6.943692
2130,8.658401
2131,6.616755
2132,7.943118
2133,10.957745
2134,13.925076
2135,7.336618
2136,5.9556026
2137,6.029725
2138,7.0293756
2139,9.110209
2140,6.6102166
2141,5.887362
2142,5.705974
2143,5.654317
2144,5.5612726
2145,5.3945365
2146,5.3007517
2147,5.260513
2148,5.2256503
2149,5.125021
2150,5.104692
2151,6.030497
2152,5.4606705
2153,6.7038045
2154,5.8287096
2155,5.44963
2156,5.025478
2157,7.894273
2158,9.900963
2159,11.291127
2160,6.5616884
2161,5.58858
2162,5.582711
2163,6.519394
2164,5.946115
2165,5.3983974
2166,12.763153
2167,6.1118665
2168,5.597164
2169,7.0117803
2170,11.714843
2171,14.004681
2172,7.274252
2173,5.8632636
2174,14.045079
2175,6.896563
2176,5.755278
2177,12.950336
2178,6.1720862
2179,13.77792
2180,10.080105
2181,9.285758
2182,14.285189
2183,8.033308
2184,6.5843115
2185,6.1683626
2186,13.887574
2187,12.522918
2188,6.913843
2189,6.0699735
2190,6.494641
2191,13.7114725
2192,6.8213916
2193,13.92761
2194,6.7816625
2195,10.697032
2196,14.209943
2197,7.56636
2198,12.690789
2199,6.7135224
2200,13.92976
2201,6.3605127
2202,7.6795897
2203,12.67152
2204,14.080694
2205,6.6620083
2206,8.8479
2207,12.056179
2208,7.12179
2209,8.549857
2210,6.7894835
2211,6.214764
2212,13.896372
2213,6.9076357
2214,8.678212
2215,14.282704
2216,7.3210135
2217,9.722214
2218,9.296049
2219,6.700476
2220,6.3538747
2221,6.017045
2222,6.707267
2223,6.27894
2224,14.120629
2225,9.304984
2226,11.414129
2227,6.7684917
2228,6.191649
2229,6.215777
2230,6.0792713
2231,12.3573265
2232,6.287455
2233,12.255606
2234,14.097586
2235,11.412848
2236,6.537614
2237,13.651222
2238,6.763503
2239,6.333506
2240,6.2831755
2241,11.407061
2242,6.9943147
2243,5.9194145
2244,5.7850757
2245,5.699594
2246,10.471909
2247,6.1902823
2248,5.690463
2249,5.5831394
2250,5.5318537
2251,5.4868693
2252,7.127836
2253,5.920285
2254,6.490101
2255,6.8727922
2256,7.5387263
2257,9.178675
2258,6.974003
2259,12.061665
2260,11.100029
2261,14.241892
2262,14.252003
2263,7.1649833
2264,6.3822484
2265,6.1480227
2266,5.803785
2267,5.8522253
2268,13.433275
2269,6.1700697
2270,5.90796
2271,5.67869
2272,5.644621
2273,5.522443
2274,7.28646
2275,13.556592
2276,6.062583
2277,5.8563805
2278,5.4977884
2279,5.388209
2280,5.3122106
2281,5.1338553
2282,5.805057
2283,6.457438
2284,6.181493
2285,5.652354
2286,5.257772
2287,5.6698785
2288,5.5299
2289,8.948616
2290,14.049418
2291,6.664546
2292,5.915532
2293,5.925284
2294,6.5537724
2295,5.91286
2296,5.331885
2297,5.4297285
2298,5.4823594
2299,5.2474747
2300,5.022603
2301,4.992275
2302,4.8140454
2303,4.6841025
2304,4.657652
2305,4.6104326
2306,4.548975
2307,4.510077
2308,4.527603
2309,4.4487576
2310,4.794007
2311,5.5724244
2312,5.566829
2313,8.992484
2314,5.462973
2315,7.3635387
2316,9.126685
2317,5.7951736
2318,5.255477
2319,6.6788955
2320,5.4945164
2321,5.160873
2322,5.408824
2323,5.166334
2324,11.633078
2325,5.6643834
2326,9.143278
2327,6.0952516
2328,10.363458
2329,6.541534
2330,7.469514
2331,8.256979
2332,11.135326
2333,6.046211
2334,5.838661
2335,5.581133
2336,5.286299
2337,5.2687974
2338,4.9875026
2339,5.034468
2340,4.9861484
2341,4.829583
2342,8.023551
2343,5.6034517
2344,5.121374
2345,4.990149
2346,4.7912326
2347,7.130329
2348,11.871305
2349,5.8592615
2350,5.5481
2351,10.623688
2352,6.6161394
2353,5.7411633
2354,5.2682843
2355,13.041754
2356,5.782346
2357,5.4479265
2358,6.634718
2359,5.554175
2360,5.3461633
2361,5.071346
2362,5.0724325
2363,6.7637963
2364,9.392133
2365,5.7939253
2366,5.5352187
2367,5.1985507
2368,5.1827283
2369,5.6246514
2370,6.6419964
2371,13.724826
2372,8.955407
2373,5.934066
2374,5.3682003
2375,5.366675
2376,5.1687326
2377,4.989958
2378,5.860221
2379,13.923296
2380,13.990035
2381,11.565952
2382,6.176141
2383,5.8539276
2384,5.7760754
2385,12.48901
2386,6.0841746
2387,9.564802
2388,14.195723
2389,8.065681
2390,5.9562535
2391,10.163797
2392,6.143993
2393,9.487337
2394,6.2033415
2395,14.011891
2396,10.580265
2397,6.182361
2398,13.901768
2399,6.713318
2400,5.949486
2401,5.6808176
2402,5.678357
2403,5.503942
2404,6.900958
2405,13.236207
2406,6.6505117
2407,5.772141
2408,5.5969357
2409,5.441069
2410,5.2452707
2411,5.4215636
2412,5.0901566
2413,4.9873853
2414,4.972745
2415,8.885755
2416,13.825132
2417,6.185112
2418,5.8587236
2419,13.755903
2420,6.22196
2421,12.831061
2422,6.6417255
2423,11.035188
2424,7.905247
2425,5.7250385
2426,5.70778
2427,5.4694543
2428,9.477621
2429,14.099468
2430,6.3360343
2431,9.76899
2432,8.699676
2433,6.1140504
2434,10.903966
2435,13.373057
2436,14.169191
2437,13.442888
2438,11.5419235
2439,7.540829
2440,9.743417
2441,6.317302
2442,6.1669054
2443,6.132746
2444,13.92601
2445,7.2252517
2446,6.586557
2447,11.988227
2448,6.815477
2449,14.221598
2450,9.1200485
2451,6.7492504
2452,7.3819075
2453,6.2654977
2454,6.8047767
2455,6.1327705
2456,5.856991
2457,12.065037
2458,13.901348
2459,6.759713
2460,8.907726
2461,5.9615884
2462,6.3965364
2463,5.7122116
2464,5.4464865
2465,6.24265
2466,5.701454
2467,6.2884073
2468,5.957002
2469,6.5375805
2470,6.2142873
2471,5.597419
2472,5.4990306
2473,9.678357
2474,6.1942344
2475,5.5803547
2476,5.7440143
2477,5.4706163
2478,5.3622417
2479,5.159061
2480,8.099001
2481,10.433247
2482,6.3386927
2483,5.6989136
2484,5.5192966
2485,6.231596
2486,5.760995
2487,5.405983
2488,9.982011
2489,5.828017
2490,5.340084
2491,11.502753
2492,5.889006
2493,11.098767
2494,6.128011
2495,5.496585
2496,12.4565735
2497,9.707585
2498,6.724326
2499,13.923367
2500,14.207686
2501,13.162533
2502,7.113443
2503,8.373752
2504,14.292895
2505,7.3736005
2506,6.27988
2507,14.115825
2508,7.040017
2509,6.115659
2510,7.847685
2511,6.2567687
2512,6.017553
2513,5.558056
2514,5.5108852
2515,14.029482
2516,14.200254
2517,13.86545
2518,14.078277
2519,6.6397266
2520,6.0653796
2521,6.539007
2522,6.1541924
2523,5.7900476
2524,5.9291496
2525,5.5280504
2526,5.5786123
2527,5.470492
2528,5.333244
2529,7.1295815
2530,5.9191155
2531,5.500762
2532,5.311869
2533,5.191594
2534,13.694393
2535,5.9286366
2536,5.501858
2537,5.6344914
2538,5.306392
2539,5.73662
2540,5.903884
2541,5.4274282
2542,7.9128275
2543,6.295494
2544,7.0353284
2545,5.938346
2546,12.979754
2547,6.2713914
2548,13.608167
2549,6.467549
2550,5.8321724
2551,5.7893066
2552,5.4653163
2553,5.368278
2554,7.889333
2555,8.649549
2556,5.8355007
2557,5.629421
2558,5.3166137
2559,5.3519745
2560,13.181614
2561,5.619087
2562,5.293527
2563,6.9073906
2564,5.8509073
2565,13.08044
2566,5.8669863
2567,5.680135
2568,5.341983
2569,5.015102
2570,6.2271614
2571,9.878475
2572,6.131805
2573,9.1515
2574,5.765111
2575,5.428598
2576,5.508063
2577,4.962752
2578,5.001925
2579,6.5726304
2580,5.291564
2581,11.332859
2582,5.7364144
2583,5.0989733
2584,10.987426
2585,13.357207
2586,14.113674
2587,14.170042
2588,13.08139
2589,13.907215
2590,14.206364
2591,14.061699
2592,14.236456
2593,12.26217
2594,9.286786
2595,6.9313917
2596,7.781466
2597,14.1506405
2598,14.193371
2599,14.290955
2600,14.143169
2601,14.285244
2602,7.744944
2603,14.187219
2604,14.316542
2605,9.531525
2606,6.801407
2607,14.215127
2608,14.051248
2609,14.286881
2610,14.225214
2611,7.2207246
2612,8.276435
2613,13.230602
2614,14.103495
2615,14.281274
2616,9.770615
2617,12.0355835
2618,14.189957
2619,14.199095
2620,13.962569
2621,14.2058115
2622,8.555581
2623,7.516216
2624,7.1972704
2625,6.846113
2626,12.8191395
2627,7.5823994
2628,8.552869
2629,6.940413
2630,6.914539
2631,13.927018
2632,8.281123
2633,9.780183
2634,8.384192
2635,11.373316
2636,6.817242
2637,6.7226496
2638,6.379433
2639,6.34292
2640,6.189075
2641,6.061126
2642,5.9990177
2643,12.486457
2644,6.8766975
2645,7.282292
2646,6.5219855
2647,6.272221
2648,6.0674663
2649,8.06578
2650,13.78746
2651,7.355134
2652,6.6749473
2653,6.9031672
2654,14.120013
2655,6.7603316
2656,9.25119
2657,6.9984922
2658,6.3251605
2659,8.810008
2660,11.6027
2661,11.435259
2662,13.997231
2663,6.970189
2664,6.6954885
2665,13.668398
2666,6.6227703
2667,12.887901
2668,13.550785
2669,7.139276
2670,10.089752
2671,10.327362
2672,12.963008
2673,14.2516
2674,12.136928
2675,6.673435
2676,7.5089617
2677,10.434875
2678,6.885423
2679,6.4504294
2680,6.144251
2681,5.831823
2682,6.4834146
2683,8.560371
2684,6.561599
2685,8.723556
2686,6.9776897
2687,6.218365
2688,5.9961624
2689,11.404612
2690,9.579709
2691,6.3828197
2692,13.886552
2693,14.267789
2694,14.14879
2695,10.675359
2696,13.854364
2697,14.0903225
2698,14.312261
2699,7.388087
2700,10.65216
2701,12.03486
2702,7.256138
2703,12.905562
2704,7.389687
2705,6.446403
2706,14.219502
2707,14.054095
2708,14.17929
2709,14.286941
2710,9.993983
2711,7.452852
2712,8.278877
2713,6.703882
2714,6.6070685
2715,9.36739
2716,6.625806
2717,6.312918
2718,6.240218
2719,7.033671
2720,13.318509
2721,9.919614
2722,6.828153
2723,6.3544674
2724,6.931915
2725,8.1607895
2726,14.242235
2727,14.006626
2728,13.327216
2729,13.938187
2730,10.683121
2731,14.148915
2732,13.517782
2733,13.859228
2734,13.762627
2735,7.568997
2736,7.426816
2737,6.592307
2738,6.164112
2739,7.0120015
2740,14.034823
2741,13.631523
2742,7.7886553
2743,9.286239
2744,6.7822633
2745,6.5668383
2746,6.248594
2747,5.932988
2748,5.917593
2749,5.783737
2750,10.45258
2751,6.224868
2752,6.3736305
2753,6.3012223
2754,5.9329453
2755,5.9664307
2756,6.9457192
2757,6.076558
2758,9.680112
2759,12.714836
2760,6.3869524
2761,9.195565
2762,6.4910293
2763,6.7264595
2764,6.577688
2765,10.457344
2766,12.517457
2767,13.404196
2768,12.850668
2769,6.565215
2770,13.514045
2771,6.4894753
2772,9.355764
2773,7.103642
2774,14.161396
2775,6.66692
2776,6.298111
2777,5.9568043
2778,10.69745
2779,6.5726237
2780,5.967744
2781,5.797393
2782,5.600573
2783,8.585989
2784,6.1047783
2785,5.65512
2786,5.5369153
2787,5.370887
2788,5.268461
2789,5.3002834
2790,5.034047
2791,6.265354
2792,5.5681424
2793,5.088201
2794,5.160054
2795,4.9074583
2796,5.0005765
2797,5.8176074
2798,8.486309
2799,9.132705
2800,7.5099134
2801,5.730882
2802,8.679202
2803,13.53416
2804,14.18989
2805,10.30591
2806,11.161332
2807,14.242506
2808,7.3193884
2809,14.003666
2810,13.928172
2811,14.277151
2812,14.211434
2813,7.509912
2814,11.13889
2815,13.095311
2816,7.1893816
2817,9.689195
2818,12.539363
2819,14.124454
2820,8.276909
2821,6.598894
2822,8.394756
2823,12.219656
2824,11.493694
2825,12.811468
2826,13.689181
2827,14.085601
2828,13.937215
2829,10.3515415
2830,9.3407135
2831,11.758766
2832,9.043291
2833,12.464126
2834,12.716067
2835,14.024283
2836,13.929912
2837,13.688454
2838,14.077875
2839,13.93788
2840,14.148447
2841,14.136967
2842,14.280144
2843,9.597575
2844,8.05129
2845,8.812307
2846,9.086437
2847,7.0636244
2848,7.197534
2849,6.3882127
2850,13.243751
2851,7.0966015
2852,6.412799
2853,6.3105335
2854,11.912301
2855,6.9122467
2856,13.504165
2857,14.140325
2858,14.126231
2859,13.384485
2860,10.619681
2861,14.241153
2862,14.307512
2863,9.350456
2864,14.077102
2865,8.138611
2866,8.656618
2867,7.304301
2868,9.70384
2869,7.115021
2870,6.7202697
2871,6.3531528
2872,6.567336
2873,6.445761
2874,6.6518188
2875,9.765902
2876,14.174027
2877,8.92663
2878,13.734353
2879,7.6005898
2880,6.6555824
2881,6.227955
2882,6.019698
2883,6.1084476
2884,5.8763914
2885,5.699136
2886,7.481928
2887,6.488348
2888,5.9167852
2889,5.786342
2890,5.598689
2891,5.5043764
2892,5.4878626
2893,5.279785
2894,5.2851696
2895,13.949109
2896,10.309254
2897,14.187487
2898,14.212227
2899,14.207182
2900,6.9755716
2901,14.200907
2902,14.287805
2903,14.193013
2904,6.8730626
2905,6.4599996
2906,13.616809
2907,7.2349234
2908,6.1879616
2909,6.0100636
2910,5.911876
2911,10.961041
2912,13.227553
2913,14.024523
2914,8.538214
2915,9.977483
2916,12.376509
2917,12.407577
2918,11.534641
2919,13.924531
2920,7.1649017
2921,6.592221
2922,6.179175
2923,5.7928376
2924,6.093382
2925,6.6687803
2926,5.887344
2927,13.232054
2928,6.392956
2929,6.019601
2930,9.145138
2931,6.5980387
2932,6.448663
2933,13.712683
2934,6.4649644
2935,12.608298
2936,14.220704
2937,14.189234
2938,6.9038568
2939,6.7992687
2940,6.041621
2941,5.7573495
2942,8.35328
2943,6.1080227
2944,11.305468
2945,13.760869
2946,7.148545
2947,5.8807073
2948,5.832246
2949,5.926513
2950,5.7346187
2951,5.52195
2952,5.461273
2953,5.4720297
2954,5.3722415
2955,5.870841
2956,5.534029
2957,13.540408
2958,13.987963
2959,12.323374
2960,7.0902953
2961,12.28057
2962,6.4103436
2963,13.755867
2964,6.408377
2965,8.5341215
2966,14.247161
2967,14.234616
2968,14.27323
2969,14.293468
2970,14.3327875
2971,14.330777
2972,14.334851
2973,8.334801
2974,14.26743
2975,14.272079
2976,8.295689
2977,9.852236
2978,14.159075
2979,14.120727
2980,7.8054786
2981,6.5920973
2982,6.4630713
2983,6.7469244
2984,6.2582364
2985,5.9348907
2986,5.778844
2987,5.711115
2988,13.587871
2989,6.206569
2990,6.025775
2991,6.0581307
2992,10.108811
2993,6.3898525
2994,14.076278
2995,6.7130394
2996,6.393794
2997,5.928935
2998,9.113114
2999,14.197811
3000,14.295289
3001,14.262177
3002,9.205282
3003,7.14344
3004,8.770209
3005,7.1871457
3006,9.723379
3007,9.823153
3008,13.815912
3009,7.283572
3010,6.411118
3011,6.77023
3012,13.79817
3013,13.584223
3014,14.184099
3015,14.308509
3016,13.784116
3017,9.082158
3018,13.390867
3019,11.81607
3020,9.285904
3021,9.195722
3022,13.664705
3023,13.35181
3024,13.770052
3025,14.077765
3026,11.727221
3027,14.019371
3028,13.985371
3029,13.9391
3030,14.269629
3031,14.345873
3032,14.290266
3033,14.319749
3034,13.715936
3035,14.308226
3036,9.489314
3037,13.807652
3038,14.089722
3039,9.805924
3040,7.053441
3041,6.959333
3042,6.5280976
3043,13.858793
3044,14.183345
3045,8.803211
3046,6.9042926
3047,6.5723796
3048,6.5976887
3049,14.167729
3050,6.9290586
3051,6.6219006
3052,11.867415
3053,7.0071197
3054,6.548971
3055,14.072522
3056,7.2530546
3057,6.7494326
3058,6.4381046
3059,6.3152742
3060,6.066967
3061,5.98248
3062,5.8944354
3063,5.7305775
3064,5.8057847
3065,5.6154795
3066,6.3037133
3067,6.0241213
3068,10.240785
3069,13.885792
3070,7.667444
3071,14.156285
3072,14.141941
3073,7.253473
3074,6.511095
3075,8.609282
3076,11.254513
3077,13.804905
3078,12.344474
3079,13.85868
3080,13.8236475
3081,14.223732
3082,14.131157
3083,7.177228
3084,10.829871
3085,7.1193056
3086,14.086911
3087,13.791616
3088,14.299143
3089,14.310629
3090,9.548894
3091,6.9387736
3092,14.157517
3093,8.412796
3094,14.04033
3095,7.3730974
3096,13.932651
3097,7.39118
3098,6.219726
3099,14.060092
3100,14.270389
3101,14.300214
3102,14.342587
3103,14.341523
3104,14.332966
3105,13.835995
3106,7.0832253
3107,7.022804
3108,14.236378
3109,8.479795
3110,14.314565
3111,14.291689
3112,14.347455
3113,14.352899
3114,8.938634
3115,14.207517
3116,9.638218
3117,7.0424676
3118,13.749376
3119,10.320738
3120,14.272207
3121,14.311433
3122,8.662479
3123,7.417231
3124,6.8134274
3125,7.080592
3126,14.2404375
3127,8.498964
3128,6.8071413
3129,6.8625712
3130,7.624041
3131,6.655806
3132,6.393794
3133,6.30907
3134,6.250518
3135,6.22738
3136,6.2289844
3137,6.213363
3138,5.8659816
3139,8.954999
3140,8.363365
3141,14.113623
3142,7.0080223
3143,6.3192863
3144,7.7371607
3145,14.275073
3146,7.7976093
3147,6.5518637
3148,6.0746803
3149,6.1274476
3150,5.985545
3151,5.877055
3152,5.744647
3153,6.6382895
3154,10.2415
3155,13.723155
3156,13.568451
3157,7.175098
3158,6.0708246
3159,6.2705426
3160,6.68394
3161,8.073473
3162,6.0665874
3163,5.7180862
3164,6.046944
3165,5.6778436
3166,5.496283
3167,5.6301727
3168,8.27993
3169,8.807015
3170,10.060526
3171,6.185807
3172,5.584335
3173,5.553934
3174,5.277028
3175,6.2307854
3176,5.562912
3177,13.181936
3178,10.44277
3179,14.154175
3180,12.561917
3181,6.9087453
3182,7.269493
3183,7.746838
3184,13.321439
3185,14.0491295
3186,14.215513
3187,13.474519
3188,7.3299465
3189,13.37251
3190,14.255509
3191,14.258711
3192,14.271456
3193,7.904176
3194,7.6852636
3195,14.2561
3196,14.259979
3197,14.326563
3198,13.284192
3199,7.645413
3200,8.160917
3201,11.382955
3202,9.863473
3203,14.244605
3204,14.017148
3205,14.209432
3206,14.262194
3207,13.47328
3208,14.238611
3209,14.254191
3210,14.080865
3211,14.303039
3212,14.341018
3213,11.855091
3214,11.855704
3215,14.090297
3216,13.930352
3217,7.6768785
3218,6.861747
3219,10.17773
3220,14.2042675
3221,8.743618
3222,6.8863945
3223,6.840073
3224,14.18452
3225,8.021084
3226,6.828473
3227,6.6113806
3228,6.957355
3229,6.885379
3230,6.5277195
3231,6.151832
3232,12.278975
3233,7.107613
3234,14.007454
3235,14.057977
3236,8.7394
3237,9.809868
3238,6.8676744
3239,6.6194425
3240,6.5620265
3241,10.597842
3242,13.8841
3243,7.333931
3244,6.632726
3245,8.4478
3246,11.874608
3247,13.514237
3248,10.6404705
3249,14.05732
3250,14.257198
3251,12.462274
3252,8.3693695
3253,13.569397
3254,9.380239
3255,8.980485
3256,9.621251
3257,9.699048
3258,12.769975
3259,9.856276
3260,8.387282
3261,10.585395
3262,13.291367
3263,14.012933
3264,8.562309
3265,11.129486
3266,8.701428
3267,8.522156
3268,13.865782
3269,13.911764
3270,7.2880354
3271,7.641544
3272,9.1347
3273,14.174155
3274,13.936951
3275,14.277238
3276,14.264409
3277,14.298344
3278,8.20532
3279,7.396803
3280,13.316659
3281,14.139552
3282,7.300336
3283,8.211435
3284,14.188231
3285,14.333407
3286,8.467405
3287,12.772905
3288,14.321124
3289,10.350375
3290,7.964171
3291,6.7221518
3292,12.100849
3293,14.2308855
3294,14.032377
3295,7.198656
3296,7.1151786
3297,6.5718956
3298,6.438671
3299,7.860505
3300,14.111338
3301,14.280122
3302,14.248012
3303,7.630607
3304,14.118627
3305,14.312187
3306,14.340865
3307,14.340859
3308,14.331636
3309,14.296396
3310,14.335581
3311,14.258391
3312,8.525179
3313,7.7035756
3314,7.256598
3315,13.882619
3316,14.275452
3317,14.150602
3318,14.3233185
3319,14.292088
3320,14.329343
3321,14.321348
3322,14.335067
3323,8.9914875
3324,14.324954
3325,9.36002
3326,8.203531
3327,7.3201466
3328,6.866041
3329,6.5923176
3330,6.53735
3331,6.5521417
3332,6.5195904
3333,6.309301
3334,6.304339
3335,6.2842073
3336,8.453433
3337,13.906859
3338,7.100652
3339,6.4119835
3340,6.4156637
3341,6.472201
3342,6.1402555
3343,13.0058155
3344,7.3840823
3345,6.6957164
3346,10.987244
3347,9.558381
3348,14.294372
3349,8.527397
3350,12.071769
3351,14.248103
3352,8.05676
3353,6.7630806
3354,6.4538608
3355,13.94804
3356,6.816565
3357,14.10539
3358,7.387381
3359,14.277524
3360,14.301775
3361,8.018144
3362,7.0074897
3363,14.119216
3364,14.207674
3365,12.486205
3366,7.469084
3367,6.9483943
3368,13.989735
3369,6.908375
3370,9.987192
3371,6.980849
3372,13.833955
3373,14.270111
3374,7.894581
3375,14.231711
3376,14.318867
3377,14.305586
3378,13.960715
3379,9.028713
3380,7.1968784
3381,10.387497
3382,7.514157
3383,6.796975
3384,6.8258834
3385,13.891151
3386,14.265662
3387,14.292994
3388,14.340065
3389,14.347223
3390,13.095292
3391,14.040716
3392,7.8463235
3393,7.973758
3394,9.516557
3395,6.385006
3396,6.4720354
3397,6.510291
3398,6.347721
3399,6.0367985
3400,5.834183
3401,6.181387
3402,5.887254
3403,7.4171042
3404,14.056081
3405,6.448087
3406,7.3792744
3407,9.490898
3408,7.8355765
3409,9.299627
3410,14.078248
3411,7.595453
3412,14.254999
3413,14.268294
3414,14.306462
3415,14.3306675
3416,9.921032
3417,11.369906
3418,13.963189
3419,8.211257
3420,6.9561934
3421,6.573813
3422,6.3796506
3423,6.429772
3424,6.216539
3425,6.122798
3426,5.9307904
3427,10.002531
3428,6.762106
3429,14.181884
3430,14.255459
3431,14.275034
3432,14.311959
3433,14.316463
3434,14.336596
3435,8.057566
3436,6.9831343
3437,13.768216
3438,7.4798837
3439,8.09415
3440,14.132953
3441,7.588434
3442,7.3688416
3443,14.123802
3444,14.246725
3445,9.220882
3446,7.884396
3447,14.233279
3448,10.871492
3449,6.5927434
3450,8.095248
3451,14.293699
3452,8.849047
3453,8.329709
3454,6.305288
3455,6.333859
3456,6.356917
3457,5.9137974
3458,7.025523
3459,6.194138
3460,6.5106015
3461,6.023928
3462,7.123771
3463,6.5621576
3464,13.658871
3465,6.911875
3466,6.2140217
3467,6.315844
3468,6.1043053
3469,5.8438883
3470,5.963514
3471,5.926055
3472,5.4423847
3473,12.921188
3474,8.8007555
3475,6.0311437
3476,5.6174226
3477,12.087292
3478,7.1775255
3479,5.974652
3480,5.8328342
3481,5.845565
3482,5.6255045
3483,5.435549
3484,9.935083
3485,13.768142
3486,13.52356
3487,6.575623
3488,14.1204195
3489,10.713696
3490,7.039122
3491,13.7702465
3492,13.929587
3493,7.0332894
3494,10.344883
3495,6.400435
3496,8.024868
3497,7.8479686
3498,6.2188168
3499,9.373703
3500,14.174108
3501,7.6574173
3502,6.0996885
3503,5.7955065
3504,10.122133
3505,14.186456
3506,12.856537
3507,14.274684
3508,14.301739
3509,14.173884
3510,14.276879
3511,14.327342
3512,14.33252
3513,14.317575
3514,14.320841
3515,14.350203
3516,14.345683
3517,14.346207
3518,13.630411
3519,10.700859
3520,9.980327
3521,7.907127
3522,7.5097613
3523,6.6505013
3524,6.681711
3525,6.5888066
3526,6.14368
3527,6.0711303
3528,10.3023815
3529,7.173488
3530,6.688026
3531,12.198214
3532,7.250781
3533,9.09138
3534,13.890561
3535,13.941921
3536,14.25454
3537,7.70559
3538,6.881407
3539,6.574225
3540,6.3245964
3541,6.2708507
3542,6.1520605
3543,13.935038
3544,13.404227
3545,7.0250177
3546,6.5211964
3547,11.092418
3548,12.0073595
3549,14.215799
3550,7.7940903
3551,14.124785
3552,8.97469
3553,14.063093
3554,14.196366
3555,14.312048
3556,14.325535
3557,14.330548
3558,14.328979
3559,8.47971
3560,14.209426
3561,14.153913
3562,9.472507
3563,7.9479866
3564,7.6019087
3565,6.87105
3566,6.6848025
3567,6.584042
3568,6.4070406
3569,6.5001636
3570,6.136435
3571,5.94803
3572,5.930862
3573,12.587888
3574,14.060136
3575,14.247624
3576,6.9140425
3577,13.066185
3578,14.1398325
3579,6.6944227
3580,6.2583637
3581,14.142567
3582,14.268865
3583,14.009854
3584,8.287689
3585,6.526819
3586,10.170198
3587,10.143041
3588,14.206793
3589,14.234291
3590,14.330417
3591,14.350861
3592,14.353542
3593,14.35228
3594,14.361901
3595,14.349664
3596,14.350147
3597,14.351642
3598,14.346365
3599,14.352966
3600,14.35324
3601,14.3453
3602,14.34984
3603,9.224468
3604,14.334436
3605,8.394328
3606,7.215798
3607,7.3749943
3608,12.799963
3609,10.03001
3610,11.357271
3611,13.449777
3612,14.320913
3613,14.298858
3614,14.303364
3615,14.321103
3616,14.320801
3617,14.328918
3618,14.290232
3619,14.278843
3620,14.282206
3621,14.305662
3622,14.319246
3623,13.927116
3624,14.182315
3625,14.207461
3626,14.243073
3627,14.174713
3628,14.22772
3629,14.325445
3630,14.210161
3631,14.329763
3632,12.498342
3633,14.336873
3634,14.360626
3635,14.3468685
3636,14.336711
3637,14.311682
3638,14.334401
3639,14.355271
3640,13.837975
3641,9.267551
3642,14.317128
3643,8.754848
3644,7.281701
3645,7.141461
3646,7.170266
3647,13.873862
3648,14.26697
3649,14.285239
3650,14.314977
3651,9.679873
3652,14.111439
3653,14.290921
3654,9.193405
3655,14.326511
3656,14.196044
3657,9.424153
3658,14.231962
3659,14.331966
3660,8.760923
3661,14.242502
3662,7.685385
3663,14.083707
3664,8.357099
3665,8.6817665
3666,14.017798
3667,8.057725
3668,7.701801
3669,14.241199
3670,8.1043415
3671,7.0697656
3672,9.265723
3673,9.557543
3674,14.2347
3675,13.110977
3676,14.181
3677,8.304188
3678,7.229228
3679,8.957892
3680,7.3293667
3681,13.53379
3682,14.246785
3683,7.774391
3684,6.851328
3685,12.54516
3686,14.001956
3687,14.117419
3688,14.071143
3689,14.295117
3690,14.26202
3691,14.240836
3692,10.012583
3693,13.987609
3694,14.091736
3695,11.240334
3696,7.868288
3697,9.636893
3698,14.06053
3699,14.321742
3700,9.291556
3701,6.6806006
3702,6.997198
3703,14.078357
3704,6.955024
3705,10.573014
3706,14.1947365
3707,14.324378
3708,8.693271
3709,14.116777
3710,8.2457695
3711,8.304827
3712,9.634005
3713,9.201623
3714,7.558397
3715,6.6374254
3716,6.7443156
3717,7.08475
3718,6.899068
3719,6.529622
3720,13.949001
3721,6.7416096
3722,14.203573
3723,14.279506
3724,12.312876
3725,9.86919
3726,14.229879
3727,7.4351754
3728,9.440982
3729,7.754237
3730,6.7915096
3731,13.129847
3732,7.526986
3733,6.6741614
3734,6.479806
3735,6.331739
3736,7.38261
3737,9.674894
3738,7.0367236
3739,13.9753895
3740,8.869037
3741,7.458993
3742,14.0022
3743,13.812304
3744,9.971501
3745,9.485205
3746,14.284324
3747,13.946903
3748,13.650113
3749,8.060382
3750,13.989424
3751,9.800668
3752,7.0963583
3753,6.844281
3754,6.9869843
3755,6.4366865
3756,6.392772
3757,6.01026
3758,6.053625
3759,5.905854
3760,5.751123
3761,5.606207
3762,6.1949096
3763,11.061474
3764,8.268276
3765,5.8834567
3766,5.7054586
3767,7.040143
3768,5.7213283
3769,5.7108345
3770,5.6324534
3771,5.276158
3772,5.353841
3773,6.62663
3774,5.806968
3775,5.555872
3776,5.6766977
3777,5.5171404
3778,12.756152
3779,9.402202
3780,14.183245
3781,7.6666894
3782,6.0177956
3783,5.8386183
3784,5.6281457
3785,5.326627
3786,5.3412046
3787,5.123286
3788,5.000626
3789,5.0013676
3790,4.7690115
3791,7.1424313
3792,8.990778
3793,5.7717433
3794,5.3925033
3795,8.183495
3796,10.537548
3797,6.187306
3798,5.6086884
3799,8.637812
3800,6.430853
3801,5.594996
3802,5.358676
3803,11.977391
3804,7.192683
3805,5.693839
3806,8.580667
3807,5.997369
3808,6.136847
3809,5.536299
3810,5.18327
3811,5.2438865
3812,4.969636
3813,5.103257
3814,5.0719886
3815,4.807573
3816,8.191041
3817,14.013996
3818,13.595489
3819,6.7029805
3820,13.428066
3821,14.073471
3822,7.6110406
3823,11.066969
3824,8.045329
3825,6.0584292
3826,5.6883426
3827,5.713961
3828,6.189549
3829,8.00618
3830,5.609109
3831,5.6659403
3832,5.5704465
3833,5.745746
3834,5.983014
3835,6.627798
3836,10.776104
3837,13.890659
3838,11.125865
3839,9.022058
3840,6.0057464
3841,8.225683
3842,6.2698064
3843,12.637894
3844,14.161146
3845,10.317941
3846,14.026827
3847,14.143476
3848,10.029934
3849,9.850818
3850,14.287532
3851,14.215537
3852,14.211273
3853,7.1846375
3854,6.898768
3855,7.575109
3856,12.915871
3857,10.493643
3858,13.851824
3859,8.124677
3860,10.157729
3861,14.172872
3862,13.9077835
3863,7.5790577
3864,6.562437
3865,6.6237097
3866,6.1685143
3867,6.397551
3868,10.703177
3869,14.074514
3870,9.145798
3871,6.992141
3872,8.440987
3873,14.074916
3874,14.324496
3875,14.255936
3876,9.777977
3877,12.617209
3878,7.3306
3879,7.296959
3880,8.890743
3881,14.234953
3882,14.252126
3883,7.1311316
3884,13.991205
3885,14.21126
3886,14.262383
3887,8.043416
3888,9.38899
3889,12.334803
3890,14.222381
3891,7.835477
3892,6.738323
3893,14.056426
3894,8.454042
3895,6.981113
3896,6.342897
3897,6.43219
3898,6.500828
3899,11.303418
3900,6.551686
3901,6.354558
3902,6.185654
3903,6.0222955
3904,6.012539
3905,5.922259
3906,5.811688
3907,5.7788315
3908,7.422172
3909,6.0645175
3910,5.77306
3911,10.6124
3912,6.477929
3913,5.715385
3914,5.5456753
3915,5.6026335
3916,5.501598
3917,8.320595
3918,8.89844
3919,10.300439
3920,13.999102
3921,11.384424
3922,12.880265
3923,14.244686
3924,14.271594
3925,14.235214
3926,14.244817
3927,9.242341
3928,14.071063
3929,12.721137
3930,6.9938426
3931,6.2628937
3932,6.9074197
3933,6.4378033
3934,5.9539185
3935,6.3405914
3936,6.1441565
3937,6.164396
3938,9.332001
3939,6.3410788
3940,7.8154125
3941,7.226455
3942,7.5164433
3943,7.1436934
3944,13.393922
3945,13.960427
3946,14.229092
3947,14.251484
3948,8.936492
3949,9.535483
3950,7.071604
3951,6.355983
3952,6.847968
3953,6.276942
3954,8.193113
3955,12.386967
3956,6.776256
3957,6.8578134
3958,13.596757
3959,14.072246
3960,13.731848
3961,8.852753
3962,13.40454
3963,14.275273
3964,10.984324
3965,10.3414135
3966,13.518655
3967,9.599534
3968,10.712268
3969,6.5779047
3970,11.846542
3971,9.254774
3972,6.6468363
3973,6.63198
3974,7.9027004
3975,13.937383
3976,14.294588
3977,10.608933
3978,14.307065
3979,14.347366
3980,8.17072
3981,7.729731
3982,14.03553
3983,7.7145767
3984,14.089308
3985,8.081344
3986,7.2994275
3987,6.705172
3988,6.252107
3989,6.160344
3990,5.819801
3991,9.4695835
3992,13.81765
3993,7.6686635
3994,6.3679957
3995,6.2445617
3996,8.889911
3997,6.541019
3998,6.180492
3999,6.063665
4000,13.970719
4001,14.065952
4002,7.072251
4003,6.5052967
4004,14.094254
4005,14.2022
4006,13.99309
4007,7.290676
4008,13.690001
4009,14.305466
4010,7.2924223
4011,13.539413
4012,8.821822
4013,14.263782
4014,13.154493
4015,7.6952157
4016,14.007789
4017,10.2473135
4018,12.987986
4019,7.159208
4020,6.6767287
4021,8.232083
4022,13.256481
4023,14.177121
4024,7.218505
4025,6.848831
4026,6.4135523
4027,7.026971
4028,6.236928
4029,6.281946
4030,13.790413
4031,14.115667
4032,13.975025
4033,7.133975
4034,13.414249
4035,14.323075
4036,7.139287
4037,13.08635
4038,7.194152
4039,7.7441745
4040,6.7006254
4041,8.859901
4042,12.691896
4043,8.111191
4044,6.4056544
4045,6.019265
4046,6.346084
4047,6.495582
4048,5.9047127
4049,5.800469
4050,5.601055
4051,5.7355638
4052,8.588865
4053,13.896246
4054,10.936601
4055,6.835853
4056,6.412197
4057,6.037174
4058,6.150135
4059,6.2161646
4060,6.1602855
4061,14.096884
4062,14.035472
4063,6.974553
4064,6.4630976
4065,6.390798
4066,5.955098
4067,5.7821555
4068,9.649289
4069,6.5143423
4070,6.401911
4071,13.81254
4072,10.398848
4073,6.596449
4074,14.056301
4075,7.2985663
4076,6.198303
4077,6.781248
4078,6.1187587
4079,14.128008
4080,6.6511855
4081,6.1850233
4082,6.0298676
4083,5.807823
4084,6.147947
4085,11.429144
4086,8.229119
4087,7.0412273
4088,6.072004
4089,5.671248
4090,6.3847265
4091,5.7337217
4092,11.098033
4093,5.945219
4094,6.53466
4095,14.077977
4096,14.237289
4097,7.0002723
4098,10.096244
4099,8.70163
4100,6.396722
4101,7.895807
4102,13.681653
4103,6.583777
4104,5.927052
4105,9.196483
4106,5.895958
4107,5.7972083
4108,8.630131
4109,7.4342904
4110,14.126667
4111,7.482722
4112,6.3585405
4113,13.107899
4114,6.3948264
4115,13.844267
4116,13.381857
4117,6.6553597
4118,14.261393
4119,8.043114
4120,6.5147457
4121,6.519856
4122,5.942132
4123,6.0469294
4124,6.306347
4125,5.9570217
4126,13.753853
4127,9.226876
4128,6.5004935
4129,11.074033
4130,5.9034047
4131,8.184519
4132,14.246472
4133,14.068404
4134,7.2516804
4135,6.983623
4136,6.0319443
4137,5.842274
4138,5.6631317
4139,5.6939607
4140,9.703598
4141,14.016194
4142,6.8881197
4143,6.2067785
4144,7.386019
4145,6.3857713
4146,13.929076
4147,6.385927
4148,5.995568
4149,14.214314
4150,12.179841
4151,11.870343
4152,14.02778
4153,14.198424
4154,14.12708
4155,7.61609
4156,13.283153
4157,9.974714
4158,10.284389
4159,12.785951
4160,14.127886
4161,7.0753
4162,6.8358936
4163,6.150937
4164,6.2858486
4165,6.7358017
4166,13.099827
4167,13.915375
4168,6.8693485
4169,6.4359307
4170,6.138376
4171,14.097242
4172,7.8986387
4173,8.341757
4174,8.996716
4175,6.902111
4176,12.2942705
4177,6.625872
4178,6.1966157
4179,6.6003146
4180,7.130079
4181,6.0082545
4182,10.0491495
4183,13.724805
4184,7.3596363
4185,6.251322
4186,7.5652633
4187,14.282597
4188,13.436034
4189,14.05814
4190,14.322568
4191,11.392391
4192,6.895418
4193,14.207948
4194,6.8818383
4195,12.428163
4196,9.781075
4197,14.247892
4198,14.109214
4199,14.307081
4200,13.781966
4201,7.953602
4202,6.804126
4203,6.3176255
4204,9.244992
4205,7.164137
4206,6.51657
4207,12.747527
4208,13.686624
4209,14.221607
4210,14.191702
4211,13.720713
4212,8.834712
4213,14.086305
4214,7.2728424
4215,6.8020205
4216,13.838608
4217,10.236488
4218,6.5144024
4219,6.750819
4220,9.707866
4221,6.6679697
4222,8.159865
4223,7.007953
4224,8.373359
4225,8.638709
4226,10.32133
4227,11.741082
4228,13.649466
4229,8.609139
4230,7.6185555
4231,9.464888
4232,7.66787
4233,12.196807
4234,13.361269
4235,7.2029176
4236,8.481713
4237,14.2537
4238,14.20057
4239,14.117581
4240,13.907885
4241,7.3557854
4242,13.7838745
4243,14.113927
4244,12.441921
4245,10.818608
4246,14.120647
4247,13.675042
4248,9.010969
4249,10.499387
4250,7.549663
4251,6.7885313
4252,12.119463
4253,13.495286
4254,7.9226527
4255,13.942825
4256,13.24289
4257,14.29078
4258,7.8982487
4259,14.059578
4260,7.975203
4261,7.0536585
4262,8.755385
4263,13.616109
4264,14.13573
4265,14.137194
4266,12.989699
4267,10.849238
4268,14.327884
4269,7.958592
4270,6.9260645
4271,13.553463
4272,12.39673
4273,14.318888
4274,13.760742
4275,11.057533
4276,14.1537485
4277,14.150092
4278,11.935347
4279,12.541746
4280,13.388479
4281,10.129391
4282,7.754409
4283,13.271311
4284,13.6145115
4285,7.2664466
4286,13.323028
4287,8.480785
4288,7.8447976
4289,13.82415
4290,11.611528
4291,7.295634
4292,14.055025
4293,9.705531
4294,13.355613
4295,12.498357
4296,13.658015
4297,14.076084
4298,14.150209
4299,14.29376
4300,14.326455
4301,14.337125
4302,14.342272
4303,13.9688425
4304,14.044853
4305,14.203835
4306,14.064409
4307,13.308634
4308,12.871175
4309,14.100994
4310,9.465191
4311,13.550478
4312,14.236367
4313,14.254755
4314,13.886982
4315,14.030281
4316,14.0388155
4317,14.321533
4318,14.188044
4319,14.038029
4320,14.2951355
4321,14.032062
4322,14.069567
4323,14.247072
4324,13.903607
4325,13.793711
4326,7.6588125
4327,14.197116
4328,8.775369
4329,9.401384
4330,7.665208
4331,14.004046
4332,13.305786
4333,8.839307
4334,7.5270815
4335,14.267191
4336,8.417363
4337,12.67503
4338,14.059574
4339,9.263183
4340,7.5107923
4341,6.692975
4342,6.6990185
4343,12.112192
4344,7.1403446
4345,13.901389
4346,12.737473
4347,14.063297
4348,14.293283
4349,14.165713
4350,14.093924
4351,8.047617
4352,14.172771
4353,11.238348
4354,8.403033
4355,13.825164
4356,13.335138
4357,9.742312
4358,13.901223
4359,7.528441
4360,7.304812
4361,7.0270987
4362,13.345729
4363,7.6090555
4364,6.937753
4365,6.5201693
4366,7.321623
4367,6.5135536
4368,9.8463745
4369,6.5623074
4370,8.428383
4371,6.9393554
4372,13.292659
4373,13.2989025
4374,13.025354
4375,10.534691
4376,10.652946
4377,6.6593637
4378,6.64249
4379,10.511489
4380,7.945441
4381,13.763219
4382,14.000894
4383,7.0136104
4384,6.5095496
4385,7.0272617
4386,13.920389
4387,6.9273562
4388,14.087206
4389,14.256331
4390,14.322921
4391,14.009808
4392,9.058252
4393,14.087891
4394,14.200591
4395,14.223376
4396,14.24478
4397,7.435163
4398,8.819157
4399,14.042363
4400,6.962317
4401,13.427034
4402,7.3584256
4403,10.56926
4404,14.108056
4405,8.324035
4406,14.263615
4407,13.578938
4408,7.675123
4409,7.417464
4410,6.6534753
4411,6.3141685
4412,6.4261737
4413,13.818
4414,14.257065
4415,14.334924
4416,14.321385
4417,14.326864
4418,7.5620117
4419,14.269905
4420,7.8179107
4421,6.7644186
4422,8.202527
4423,14.166422
4424,12.6720495
4425,13.903675
4426,12.696409
4427,13.878292
4428,14.137526
4429,14.26492
4430,14.260196
4431,14.201716
4432,14.34691
4433,14.278481
4434,9.397886
4435,7.412911
4436,9.998795
4437,13.955221
4438,10.284475
4439,14.0889015
4440,14.190494
4441,14.277815
4442,7.7512846
4443,13.650819
4444,10.816689
4445,13.90002
4446,12.373663
4447,9.555681
4448,14.042908
4449,13.339569
4450,8.177629
4451,6.837657
4452,6.9004345
4453,12.440639
4454,14.273387
4455,14.168636
4456,8.607182
4457,8.960103
4458,14.183943
4459,14.311844
4460,14.317541
4461,8.865922
4462,14.227694
4463,13.447778
4464,14.308315
4465,8.202405
4466,7.33641
4467,6.9300065
4468,7.040217
4469,14.0079365
4470,9.047695
4471,7.145505
4472,6.7546825
4473,6.7092204
4474,10.599751
4475,6.7990055
4476,6.2840114
4477,6.255232
4478,6.0644207
4479,6.4216137
4480,7.409903
4481,6.171626
4482,6.049689
4483,10.213174
4484,13.414756
4485,6.7504277
4486,6.1842294
4487,6.1181774
4488,13.988136
4489,6.6028976
4490,6.116953
4491,6.2119794
4492,6.4635344
4493,6.129464
4494,5.7295055
4495,5.7362065
4496,6.531852
4497,9.7555275
4498,11.983732
4499,6.6615734
4500,5.962514
4501,5.7495375
4502,5.6231575
4503,5.322362
4504,6.653422
4505,7.250119
4506,6.7159033
4507,6.480157
4508,5.8194723
4509,5.578055
4510,5.2992563
4511,7.6049213
4512,11.73576
4513,11.059
4514,6.1237435
4515,9.831411
4516,10.41589
4517,7.3229837
4518,6.6615076
4519,5.958284
4520,6.4471827
4521,12.612152
4522,8.116531
4523,10.804343
4524,13.444419
4525,7.766855
4526,6.0611715
4527,5.8704348
4528,9.961259
4529,6.867771
4530,6.5364113
4531,6.7963057
4532,13.0623255
4533,7.585839
4534,6.0312495
4535,6.524761
4536,10.21724
4537,7.6566415
4538,11.660762
4539,14.177025
4540,14.221031
4541,14.153266
4542,7.139647
4543,6.312261
4544,6.5188107
4545,11.546234
4546,7.821411
4547,8.806937
4548,13.709654
4549,13.991308
4550,8.52403
4551,6.609719
4552,14.112651
4553,14.146238
4554,9.055866
4555,6.951458
4556,9.449831
4557,14.10436
4558,7.1789355
4559,6.297794
4560,5.9386992
4561,9.75016
4562,13.294936
4563,13.238776
4564,9.116869
4565,7.41831
4566,8.116261
4567,7.097347
4568,6.4978666
4569,7.3928347
4570,7.638731
4571,14.097701
4572,12.439995
4573,6.8107166
4574,13.985815
4575,10.8830185
4576,14.113149
4577,13.640877
4578,14.293268
4579,14.245369
4580,8.20049
4581,11.687668
4582,13.794814
4583,8.572176
4584,11.265673
4585,7.210783
4586,10.552146
4587,8.026495
4588,11.372435
4589,14.124048
4590,14.313994
4591,14.1256695
4592,14.268946
4593,14.308979
4594,14.243615
4595,14.086009
4596,14.334543
4597,12.883198
4598,13.997833
4599,14.106938
4600,13.772374
4601,7.792996
4602,6.833827
4603,11.6995735
4604,7.719994
4605,13.15064
4606,9.160366
4607,7.300482
4608,6.82454
4609,7.8274555
4610,6.8010035
4611,6.405374
4612,13.6247835
4613,6.718494
4614,6.530299
4615,6.203555
4616,12.373494
4617,14.084612
4618,7.3879294
4619,6.445446
4620,9.860474
4621,6.950517
4622,6.4441276
4623,9.746418
4624,13.5091095
4625,14.062844
4626,6.784453
4627,7.266998
4628,7.652287
4629,7.329841
4630,6.356111
4631,7.261292
4632,7.94054
4633,6.8726926
4634,12.098706
4635,14.200446
4636,10.162863
4637,14.242897
4638,9.750403
4639,14.13234
4640,14.123444
4641,10.787463
4642,8.508574
4643,14.170755
4644,14.04785
4645,14.093259
4646,14.30505
4647,14.282972
4648,14.138929
4649,13.982909
4650,14.326953
4651,14.297515
4652,14.171549
4653,14.317331
4654,14.332283
4655,10.422601
4656,14.2293
4657,14.292872
4658,14.343964
4659,14.25165
4660,9.006777
4661,14.229251
4662,14.288098
4663,9.153727
4664,7.4068923
4665,8.811634
4666,6.951757
4667,14.252982
4668,14.057151
4669,14.139447
4670,9.085074
4671,9.442904
4672,12.852181
4673,13.916814
4674,13.321904
4675,7.3644104
4676,8.760026
4677,8.921988
4678,13.988131
4679,7.505359
4680,7.012593
4681,9.41447
4682,8.037013
4683,8.723296
4684,14.24959
4685,14.148996
4686,7.360176
4687,11.076038
4688,10.485385
4689,13.831815
4690,11.053938
4691,8.978062
4692,7.4209146
4693,11.125107
4694,10.127321
4695,9.908341
4696,9.044815
4697,6.91082
4698,13.497368
4699,10.858064
4700,7.527129
4701,14.188749
4702,13.41803
4703,14.1329
4704,13.245689
4705,7.9856734
4706,6.9399867
4707,6.6769576
4708,6.6431136
4709,6.6981754
4710,7.0397778
4711,7.73932
4712,9.454929
4713,6.9106474
4714,6.701619
4715,9.211356
4716,12.961544
4717,9.703438
4718,7.697132
4719,11.953847
4720,9.16815
4721,7.23807
4722,10.30186
4723,10.678724
4724,9.026855
4725,14.052541
4726,9.035712
4727,7.1958065
4728,14.250866
4729,7.268238
4730,6.5366397
4731,7.386508
4732,7.6579967
4733,6.221713
4734,12.040868
4735,8.441284
4736,13.057907
4737,14.234072
4738,9.927631
4739,13.709633
4740,7.4534087
4741,9.760006
4742,10.422045
4743,13.867984
4744,6.993199
4745,11.36706
4746,6.7945037
4747,7.3624954
4748,6.505152
4749,6.3349643
4750,6.1589603
4751,6.512279
4752,7.4698167
4753,7.0371633
4754,6.7630253
4755,7.9288926
4756,14.125859
4757,9.407673
4758,14.282913
4759,9.138384
4760,14.125547
4761,13.56167
4762,7.131683
4763,6.514339
4764,6.1632366
4765,5.868642
4766,5.8625555
4767,5.7771335
4768,5.9999623
4769,7.664114
4770,7.7982545
4771,12.853849
4772,7.4057746
4773,6.21353
4774,5.9381933
4775,7.7812867
4776,13.938901
4777,12.494633
4778,6.7440825
4779,6.777824
4780,6.213609
4781,6.7492247
4782,6.0657496
4783,7.7052484
4784,6.443678
4785,5.9602475
4786,5.822673
4787,5.4695797
4788,5.539612
4789,5.4881067
4790,5.241063
4791,5.486803
4792,5.348721
4793,6.753311
4794,6.3769665
4795,5.535563
4796,8.354947
4797,6.464144
4798,6.6835933
4799,7.1978
4800,5.8195066
4801,5.4509835
4802,5.3658376
4803,5.706941
4804,5.681062
4805,5.2193856
4806,5.169326
4807,6.281964
4808,8.206902
4809,6.111081
4810,6.9668436
4811,5.888324
4812,9.879129
4813,7.722786
4814,8.526638
4815,8.210514
4816,13.862173
4817,7.1013327
4818,6.8394036
4819,8.409672
4820,12.1160965
4821,13.9038925
4822,6.3638887
4823,6.0597687
4824,10.908742
4825,6.095913
4826,7.113493
4827,12.903372
4828,6.2889795
4829,5.9389315
4830,13.498202
4831,6.448678
4832,6.081831
4833,5.5402045
4834,6.5637755
4835,6.286316
4836,5.9402018
4837,9.675386
4838,13.381948
4839,6.185255
4840,5.8930497
4841,7.0628004
4842,8.27437
4843,6.1658425
4844,5.5972223
4845,12.35528
4846,12.501294
4847,6.2678037
4848,5.722074
4849,5.6337857
4850,13.395697
4851,6.6279554
4852,12.0039
4853,6.8467426
4854,13.793321
4855,6.184916
4856,5.8235
4857,5.8446217
4858,5.5290437
4859,6.556787
4860,8.345452
4861,6.355419
4862,5.7289205
4863,8.919027
4864,5.81992
4865,6.435807
4866,5.930101
4867,5.753429
4868,5.7120132
4869,5.471997
4870,5.4769373
4871,5.4158206
4872,5.1125975
4873,5.2034826
4874,5.0710645
4875,9.856636
4876,13.76808
4877,6.0225163
4878,5.7874346
4879,13.917671
4880,6.3774824
4881,6.1150556
4882,5.4578137
4883,5.386667
4884,5.3768125
4885,5.453418
4886,5.1390805
4887,5.0270844
4888,8.211401
4889,5.61463
4890,5.312245
4891,4.9533033
4892,4.986742
4893,4.883217
4894,4.765601
4895,8.4102125
4896,5.5360847
4897,5.0295005
4898,7.0589294
4899,5.6333556
4900,5.16337
4901,5.1070805
4902,4.696256
4903,5.1957917
4904,4.8031626
4905,5.2052627
4906,5.9456654
4907,5.0941143
4908,5.8762236
4909,13.957128
4910,14.179036
4911,6.307954
4912,5.696298
4913,6.0972333
4914,5.6866646
4915,5.213274
4916,5.3665357
4917,5.553125
4918,5.2992563
4919,5.1762323
4920,4.742547
4921,4.8421273
4922,5.4991155
4923,5.088829
4924,5.6905084
4925,5.1535654
4926,5.033866
4927,4.6768465
4928,5.004936
4929,8.19681
4930,5.7585516
4931,5.552213
4932,5.342396
4933,5.4365683
4934,6.2615547
4935,5.45887
4936,5.326048
4937,4.998796
4938,4.7870336
4939,6.9982257
4940,5.213577
4941,4.906971
4942,4.8515897
4943,4.7016077
4944,5.9134407
4945,5.161079
4946,4.9276595
4947,11.240559
4948,6.658971
4949,12.76987
4950,13.830769
4951,11.587256
4952,13.98017
4953,14.100257
4954,13.904961
4955,14.26397
4956,13.949686
4957,14.116716
4958,7.2152734
4959,6.26834
4960,6.990282
4961,9.168656
4962,6.5026813
4963,6.262282
4964,5.800526
4965,5.7072372
4966,5.7206607
4967,7.787001
4968,14.130438
4969,6.971588
4970,5.9090157
4971,12.383709
4972,6.4465146
4973,6.043322
4974,5.4426975
4975,9.365709
4976,14.004086
4977,13.398797
4978,10.0884905
4979,6.2648883
4980,14.149379
4981,6.878174
4982,10.294404
4983,6.9484553
4984,6.1909895
4985,6.1466355
4986,6.462138
4987,7.2824883
4988,9.133989
4989,6.209814
4990,9.297132
4991,7.1681566
4992,9.133877
4993,14.197503
4994,14.226205
4995,7.828305
4996,7.948792
4997,6.372013
4998,6.922053
4999,6.1761065
5000,9.719487
5001,6.8751736
5002,6.061652
5003,6.73773
5004,6.7555814
5005,13.958453
5006,6.938958
5007,6.207073
5008,13.899199
5009,9.270756
5010,6.4346943
5011,9.388652
5012,11.875439
5013,14.147697
5014,13.793207
5015,14.163851
5016,14.2674265
5017,7.724783
5018,12.461424
5019,11.414851
5020,14.259649
5021,10.183773
5022,6.9228153
5023,6.484226
5024,6.8309727
5025,6.0247602
5026,6.354392
5027,12.663643
5028,7.969154
5029,11.684476
5030,6.804224
5031,12.833524
5032,14.130475
5033,7.839566
5034,6.454821
5035,9.675031
5036,6.700048
5037,14.151213
5038,14.219431
5039,7.8162756
5040,6.423562
5041,6.33917
5042,6.0149465
5043,6.3448353
5044,6.45039
5045,6.4497347
5046,6.4078836
5047,5.899852
5048,5.8184943
5049,8.613737
5050,9.11894
5051,13.957239
5052,7.5406175
5053,8.917799
5054,6.311487
5055,6.119381
5056,6.1295514
5057,5.6357627
5058,5.6072764
5059,9.052198
5060,6.077668
5061,5.729047
5062,5.601571
5063,6.1484747
5064,5.9179816
5065,5.5653725
5066,6.0577135
5067,6.3384867
5068,6.692997
5069,10.159877
5070,14.055781
5071,12.592351
5072,6.7136297
5073,5.9100895
5074,6.5189333
5075,6.321154
5076,7.8155546
5077,13.657844
5078,6.438885
5079,7.773615
5080,6.6214046
5081,10.352088
5082,6.552323
5083,5.888842
5084,5.6877403
5085,5.6395254
5086,5.4702206
5087,5.399155
5088,9.219479
5089,5.8447123
5090,5.489609
5091,7.8639474
5092,12.911
5093,14.110722
5094,6.6940594
5095,8.342813
5096,6.7124453
5097,6.772149
5098,6.0252576
5099,6.20021
5100,10.13935
5101,6.2021194
5102,5.738436
5103,13.167477
5104,10.134399
5105,8.14201
5106,13.596283
5107,14.287046
5108,10.275548
5109,12.254483
5110,7.353342
5111,8.039219
5112,7.6931376
5113,7.508765
5114,14.175107
5115,14.208542
5116,14.291048
5117,14.186754
5118,14.3012085
5119,14.279989
5120,14.289888
5121,8.152128
5122,14.27264
5123,14.071099
5124,13.772793
5125,9.914653
5126,7.2551165
5127,6.839442
5128,11.407872
5129,13.194792
5130,7.6135793
5131,13.92584
5132,13.950457
5133,11.944289
5134,14.260258
5135,14.14057
5136,9.525665
5137,7.6089892
5138,7.4712114
5139,7.102773
5140,12.054976
5141,7.8505797
5142,8.226033
5143,6.5512295
5144,14.099686
5145,13.606462
5146,14.106185
5147,7.9481387
5148,7.5271726
5149,6.6301603
5150,12.982828
5151,14.119518
5152,14.222717
5153,9.2778225
5154,6.6767993
5155,14.042651
5156,14.308088
5157,8.477642
5158,14.241604
5159,8.5461
5160,9.573815
5161,7.1541595
5162,10.381426
5163,10.830387
5164,10.65882
5165,6.8317904
5166,6.4838753
5167,8.139657
5168,7.8074985
5169,9.364611
5170,12.954374
5171,14.310195
5172,14.3144865
5173,14.314134
5174,7.716735
5175,8.053185
5176,12.672965
5177,13.678731
5178,14.260436
5179,9.0589905
5180,14.12294
5181,7.469537
5182,13.582449
5183,7.2978945
5184,10.177323
5185,13.954062
5186,7.233025
5187,12.377489
5188,14.116965
5189,14.343298
5190,7.849327
5191,13.254828
5192,11.644218
5193,14.077728
5194,7.1212425
5195,13.903985
5196,14.1933565
5197,14.043979
5198,14.178721
5199,14.053008
5200,8.59997
5201,14.268762
5202,13.53939
5203,12.373494
5204,8.027694
5205,14.093652
5206,8.2374935
5207,6.8081574
5208,7.6500006
5209,7.0439863
5210,13.655215
5211,9.449159
5212,10.530135
5213,7.523252
5214,11.180836
5215,14.3063
5216,14.248981
5217,8.512226
5218,14.104689
5219,8.155644
5220,12.300631
5221,14.172586
5222,7.6659536
5223,14.04332
5224,13.567932
5225,10.095189
5226,8.065792
5227,12.654605
5228,7.276949
5229,14.289117
5230,14.164032
5231,14.328047
5232,10.026953
5233,6.9151735
5234,6.7994413
5235,7.375754
5236,8.271118
5237,6.433058
5238,6.5281963
5239,11.955557
5240,13.507662
5241,9.181901
5242,14.141021
5243,11.219517
5244,13.961521
5245,7.650194
5246,10.26718
5247,13.658982
5248,14.303835
5249,14.331678
5250,14.297128
5251,14.341705
5252,14.34415
5253,14.351189
5254,14.355539
5255,14.3620405
5256,13.198464
5257,14.274945
5258,14.168407
5259,14.256718
5260,14.260624
5261,8.175546
5262,13.616751
5263,14.20125
5264,8.17287
5265,14.275988
5266,8.237355
5267,9.68294
5268,8.5566635
5269,8.269348
5270,7.167627
5271,6.741417
5272,6.517365
5273,11.839862
5274,14.1609125
5275,12.5673895
5276,14.150853
5277,9.814395
5278,14.191917
5279,13.738108
5280,7.9495783
5281,11.805431
5282,13.863174
5283,12.3784895
5284,14.298471
5285,8.602219
5286,13.173703
5287,14.176164
5288,14.322226
5289,14.339128
5290,14.34367
5291,10.174864
5292,14.288508
5293,14.313953
5294,14.253938
5295,9.429451
5296,14.278704
5297,14.285643
5298,9.823331
5299,14.292342
5300,14.339043
5301,14.309815
5302,8.421665
5303,14.236128
5304,14.314217
5305,8.491495
5306,12.723667
5307,14.266808
5308,11.891852
5309,14.235008
5310,7.985249
5311,13.595416
5312,10.905949
5313,13.91519
5314,14.302207
5315,14.309052
5316,14.343018
5317,9.410868
5318,13.999562
5319,14.229543
5320,14.34173
5321,8.1468115
5322,14.322022
5323,14.349309
5324,14.325293
5325,14.3214655
5326,9.359552
5327,12.59568
5328,14.271178
5329,8.123234
5330,14.285919
5331,14.356642
5332,14.317412
5333,13.622445
5334,9.01902
5335,11.093444
5336,7.571427
5337,14.301492
5338,14.233216
5339,14.29239
5340,14.339195
5341,14.166093
5342,13.985247
5343,8.912092
5344,9.728037
5345,8.166395
5346,7.481042
5347,14.051922
5348,8.574426
5349,14.215147
5350,14.173451
5351,11.361965
5352,13.791244
5353,9.356487
5354,7.6102066
5355,6.8235173
5356,6.9956098
5357,13.548341
5358,8.688787
5359,11.771878
5360,8.775155
5361,13.00629
5362,7.1430073
5363,6.819277
5364,6.903631
5365,9.500659
5366,6.9894814
5367,6.4398365
5368,6.332823
5369,6.5540805
5370,6.527941
5371,9.803959
5372,9.851543
5373,6.828825
5374,6.4159727
5375,6.9871817
5376,7.350767
5377,6.4197683
5378,6.2451653
5379,6.095694
5380,6.1082087
5381,5.7676635
5382,5.654052
5383,5.6474867
5384,5.4034424
5385,5.4625773
5386,5.233001
5387,6.740391
5388,6.096133
5389,5.4702535
5390,5.372035
5391,5.1960716
5392,4.9877505
5393,5.702543
5394,10.3718405
5395,14.185391
5396,8.624359
5397,5.8244233
5398,9.043569
5399,9.455359
5400,6.314534
5401,5.589432
5402,5.385223
5403,5.63651
5404,7.2993026
5405,5.8053193
5406,5.4288735
5407,5.317139
5408,5.216278
5409,5.012162
5410,5.0011063
5411,4.705203
5412,4.7507524
5413,7.7051845
5414,8.967128
5415,5.626528
5416,5.0551558
5417,4.9545717
5418,4.9423103
5419,7.243973
5420,12.284526
5421,7.587107
5422,5.6441536
5423,5.926266
5424,13.263776
5425,6.2430925
5426,5.535008
5427,8.102675
5428,6.4841185
5429,5.7238655
5430,5.257418
5431,9.692367
5432,14.1446705
5433,6.26144
5434,5.599806
5435,5.3825555
5436,13.477951
5437,6.2798257
5438,5.3777523
5439,12.013968
5440,13.698396
5441,5.875233
5442,5.564894
5443,5.376565
5444,5.322429
5445,5.1909995
5446,5.065072
5447,5.077358
5448,4.8965783
5449,4.768145
5450,5.9158382
5451,5.524028
5452,5.316948
5453,5.0056925
5454,4.8255816
5455,9.1332855
5456,5.5410275
5457,5.2512455
5458,9.816145
5459,5.4161797
5460,5.226976
5461,7.4748178
5462,10.583285
5463,6.0991197
5464,13.905559
5465,14.152094
5466,14.210969
5467,6.663394
5468,5.8561964
5469,5.7951517
5470,14.020022
5471,14.116722
5472,6.415306
5473,13.944599
5474,7.5569873
5475,13.810379
5476,13.158342
5477,7.3211923
5478,6.345529
5479,13.818366
5480,7.132082
5481,6.0308523
5482,13.038588
5483,14.173106
5484,14.17992
5485,6.6331716
5486,6.215946
5487,13.010974
5488,14.247255
5489,7.2452826
5490,9.099276
5491,7.6184173
5492,6.5834813
5493,5.6991677
5494,5.793714
5495,13.690355
5496,14.178999
5497,7.01969
5498,6.0289598
5499,6.589747
5500,10.254004
5501,6.1986485
5502,6.0195627
5503,6.225807
5504,7.740579
5505,5.875792
5506,5.7194343
5507,5.446493
5508,5.682558
5509,5.580886
5510,5.145987
5511,5.24982
5512,7.704921
5513,6.1034975
5514,5.425059
5515,6.9104257
5516,5.828009
5517,13.239923
5518,6.215903
5519,11.324913
5520,14.115564
5521,14.260383
5522,14.120325
5523,14.302438
5524,14.300486
5525,14.290883
5526,11.530114
5527,6.410642
5528,14.116922
5529,14.222761
5530,10.844254
5531,10.185329
5532,14.266193
5533,14.281319
5534,8.162682
5535,6.6207438
5536,6.460114
5537,6.3493237
5538,12.1413355
5539,7.1718884
5540,13.244772
5541,14.299933
5542,13.305419
5543,8.336595
5544,9.648107
5545,6.967542
5546,6.2522535
5547,8.413169
5548,6.6198196
5549,6.1598396
5550,13.391056
5551,6.6458344
5552,6.021896
5553,6.2192893
5554,13.957104
5555,14.260208
5556,14.271222
5557,14.25512
5558,14.2983675
5559,14.323726
5560,8.1467905
5561,13.979973
5562,9.825132
5563,7.5302596
5564,6.32163
5565,6.245078
5566,6.6181345
5567,6.053833
5568,5.9674006
5569,8.601633
5570,6.728678
5571,6.4801655
5572,6.3921194
5573,5.8917584
5574,5.8984137
5575,6.470424
5576,7.626519
5577,12.475121
5578,11.130277
5579,6.587941
5580,6.5462437
5581,14.032124
5582,6.7884464
5583,9.540298
5584,6.5188427
5585,6.1595583
5586,5.782927
5587,8.181327
5588,14.056678
5589,14.200129
5590,13.613156
5591,8.573952
5592,6.8540363
5593,11.363449
5594,14.087711
5595,14.222651
5596,14.297663
5597,14.309935
5598,14.287273
5599,14.335296
5600,14.324467
5601,13.92779
5602,14.148654
5603,14.288827
5604,13.885286
5605,13.239181
5606,14.223449
5607,12.901296
5608,14.290443
5609,13.680108
5610,7.718995
5611,14.203993
5612,14.312849
5613,8.290562
5614,10.759606
5615,14.305392
5616,14.256171
5617,7.6618156
5618,6.8270173
5619,11.047058
5620,8.370664
5621,8.072488
5622,6.88812
5623,6.350553
5624,14.163847
5625,14.156388
5626,7.630181
5627,11.265826
5628,7.6485934
5629,7.5443335
5630,12.687842
5631,11.417742
5632,8.535382
5633,6.9223504
5634,14.129971
5635,14.180215
5636,9.18347
5637,7.1541224
5638,10.042826
5639,7.1409874
5640,6.880262
5641,9.37325
5642,13.412495
5643,10.705683
5644,10.400904
5645,14.036862
5646,12.36802
5647,7.155886
5648,13.881202
5649,7.618223
5650,13.142633
5651,8.73495
5652,6.8307805
5653,7.7023597
5654,14.230771
5655,7.6620054
5656,7.3232756
5657,11.239298
5658,13.515738
5659,11.86327
5660,7.1706924
5661,6.532326
5662,8.37262
5663,7.7265
5664,8.813314
5665,6.938834
5666,6.995536
5667,6.4744463
5668,13.384175
5669,9.440654
5670,6.3458242
5671,8.429617
5672,14.0746765
5673,13.801433
5674,7.251507
5675,10.057521
5676,6.7149134
5677,7.505413
5678,6.615773
5679,10.276557
5680,6.641143
5681,10.383028
5682,13.902872
5683,9.17556
5684,7.776999
5685,13.336643
5686,13.003099
5687,12.177654
5688,8.561552
5689,14.149449
5690,7.7831697
5691,14.186237
5692,8.284912
5693,6.423831
5694,12.715015
5695,14.253641
5696,8.3611145
5697,6.958015
5698,8.945713
5699,12.261102
5700,6.7639337
5701,13.375383
5702,14.266607
5703,8.143663
5704,6.5740814
5705,6.3593626
5706,12.770355
5707,9.50978
5708,7.4814405
5709,13.8051815
5710,8.044586
5711,6.63008
5712,6.2740927
5713,6.8934193
5714,7.3042603
5715,7.0515676
5716,5.861216
5717,5.957154
5718,5.731484
5719,7.7178583
5720,6.334125
5721,5.7786593
5722,5.8945837
5723,6.2295218
5724,6.071913
5725,5.6891747
5726,10.10021
5727,6.1849027
5728,5.981216
5729,5.619282
5730,9.193156
5731,6.289623
5732,13.562011
5733,7.482452
5734,6.158945
5735,5.890071
5736,5.600969
5737,6.8642926
5738,6.179791
5739,5.855701
5740,5.5602875
5741,5.2692084
5742,5.5183554
5743,11.712591
5744,13.6271305
5745,13.731111
5746,14.202472
5747,6.6782713
5748,6.003377
5749,12.059865
5750,14.250719
5751,9.075494
5752,14.22821
5753,14.013006
5754,14.180064
5755,7.2379103
5756,14.0857115
5757,14.128718
5758,7.0633726
5759,14.166
5760,13.630769
5761,14.284983
5762,14.172353
5763,8.804431
5764,14.01481
5765,14.328037
5766,14.32589
5767,13.441309
5768,14.187925
5769,8.082627
5770,14.324963
5771,13.470402
5772,14.113604
5773,14.33544
5774,14.332874
5775,9.069692
5776,7.886289
5777,11.297485
5778,12.211354
5779,10.946843
5780,7.361515
5781,7.93884
5782,11.665645
5783,11.472342
5784,13.20619
5785,7.395267
5786,12.4870615
5787,14.258539
5788,7.5151176
5789,11.829234
5790,11.1671915
5791,6.8175116
5792,7.369479
5793,14.034831
5794,14.051075
5795,14.314265
5796,11.536591
5797,14.176057
5798,14.313057
5799,12.685603
5800,14.319954
5801,13.977189
5802,7.7175355
5803,8.742043
5804,7.1880116
5805,13.662862
5806,7.257603
5807,8.210967
5808,7.035273
5809,14.255183
5810,7.8319554
5811,6.8796663
5812,8.660323
5813,9.024097
5814,11.2912035
5815,6.985418
5816,11.215552
5817,13.571635
5818,10.190109
5819,8.975068
5820,13.282106
5821,10.170113
5822,6.8345523
5823,13.609678
5824,13.961728
5825,8.724664
5826,10.973537
5827,8.611214
5828,14.120528
5829,7.746804
5830,6.7721252
5831,9.814191
5832,6.762783
5833,6.620469
5834,6.1707697
5835,6.0405774
5836,5.9150257
5837,5.857686
5838,5.6728215
5839,5.6697836
5840,8.21476
5841,9.839939
5842,13.462575
5843,14.194024
5844,7.383305
5845,13.304005
5846,9.9868
5847,14.144221
5848,14.222919
5849,14.276942
5850,10.042047
5851,6.869131
5852,13.84017
5853,14.24935
5854,14.302124
5855,14.025437
5856,14.268542
5857,14.268879
5858,14.108677
5859,13.755859
5860,14.313912
5861,14.350395
5862,14.337564
5863,14.287018
5864,14.342394
5865,14.345501
5866,10.454799
5867,14.233446
5868,8.172906
5869,7.489875
5870,11.1863785
5871,14.013268
5872,10.065705
5873,14.253955
5874,7.788658
5875,13.665375
5876,7.984667
5877,6.8316135
5878,6.916081
5879,6.707839
5880,6.6493893
5881,6.394673
5882,6.267776
5883,14.070743
5884,14.30204
5885,7.512143
5886,14.078683
5887,10.422552
5888,8.166704
5889,6.7306895
5890,10.624176
5891,14.233646
5892,14.303228
5893,14.142484
5894,14.19707
5895,14.185029
5896,14.202153
5897,14.301477
5898,14.260212
5899,12.073583
5900,9.101193
5901,7.4082165
5902,14.161037
5903,7.5559263
5904,6.9279604
5905,8.516566
5906,7.654984
5907,6.7799287
5908,6.5658927
5909,10.475322
5910,14.199255
5911,8.550326
5912,10.26082
5913,7.2798877
5914,14.242404
5915,6.978167
5916,9.005035
5917,7.5725794
5918,14.077469
5919,14.059237
5920,7.597111
5921,9.632367
5922,6.966032
5923,6.5494995
5924,10.779275
5925,14.074613
5926,14.18327
5927,10.273209
5928,13.415922
5929,14.236547
5930,10.369909
5931,7.6155334
5932,6.5686255
5933,6.4311
5934,7.800994
5935,6.734672
5936,12.445706
5937,6.618011
5938,11.69816
5939,7.0208893
5940,14.057134
5941,14.269799
5942,7.4259663
5943,6.9956
5944,10.211289
5945,14.236404
5946,6.860945
5947,6.752272
5948,6.287598
5949,13.989555
5950,7.4891376
5951,14.116789
5952,14.215839
5953,14.325074
5954,11.554515
5955,14.161058
5956,7.4079056
5957,6.9340053
5958,6.459656
5959,6.1813836
5960,13.650493
5961,13.59938
5962,14.270204
5963,8.030298
5964,12.457282
5965,8.55322
5966,6.813686
5967,14.041564
5968,7.057925
5969,7.3258
5970,7.2808466
5971,14.068682
5972,6.81788
5973,6.364304
5974,6.2341657
5975,14.000567
5976,13.818312
5977,7.013656
5978,14.183776
5979,14.264852
5980,7.338185
5981,9.605175
5982,7.814788
5983,11.867913
5984,13.790867
5985,13.864249
5986,14.153488
5987,13.919429
5988,13.20784
5989,11.067498
5990,11.71975
5991,13.994177
5992,11.646538
5993,13.296612
5994,14.179773
5995,14.312041
5996,14.26925
5997,14.291155
5998,14.157432
5999,14.054826
6000,14.33432
6001,14.306806
6002,14.349766
6003,14.287661
6004,14.356301
6005,14.313521
6006,9.416258
6007,7.443595
6008,14.319895
6009,14.335542
6010,14.2863245
6011,14.344207
6012,14.243647
6013,8.060972
6014,14.22395
6015,13.863111
6016,14.0119295
6017,9.521804
6018,13.587502
6019,14.337334
6020,14.354333
6021,14.293386
6022,14.346114
6023,14.1144705
6024,11.506532
6025,14.273126
6026,14.315509
6027,9.899719
6028,9.046589
6029,14.148765
6030,14.225622
6031,14.263451
6032,14.162849
6033,13.931695
6034,14.166672
6035,14.29309
6036,14.342257
6037,14.310223
6038,14.294575
6039,14.335677
6040,14.308474
6041,14.264715
6042,14.359346
6043,9.845057
6044,14.22789
6045,14.334847
6046,9.075919
6047,14.308799
6048,9.02311
6049,7.629483
6050,7.1517267
6051,7.609674
6052,9.944993
6053,14.256516
6054,7.989255
6055,10.142197
6056,7.6181693
6057,13.707456
6058,14.216738
6059,8.580789
6060,14.129918
6061,14.2583
6062,9.232139
6063,14.311811
6064,8.1488695
6065,14.175227
6066,8.795899
6067,13.680311
6068,7.9975767
6069,14.246211
6070,14.279244
6071,14.093857
6072,7.9223866
6073,7.347631
6074,6.9115705
6075,12.900373
6076,8.020003
6077,6.740528
6078,7.15581
6079,6.5872045
6080,6.611482
6081,6.216894
6082,7.334045
6083,6.5978227
6084,6.177563
6085,6.310157
6086,6.4913464
6087,10.180751
6088,8.508565
6089,6.5959888
6090,6.319952
6091,6.4051447
6092,6.2602315
6093,6.2586536
6094,6.0346804
6095,5.933676
6096,5.8468614
6097,9.718527
6098,9.748938
6099,6.31124
6100,6.180868
6101,5.761355
6102,5.576245
6103,5.950837
6104,5.6431656
6105,6.811502
6106,5.8969474
6107,5.518441
6108,13.9520645
6109,6.1049547
6110,10.073577
6111,6.2826805
6112,5.764879
6113,6.8817167
6114,5.824939
6115,5.397458
6116,6.3580785
6117,5.7707195
6118,5.854426
6119,5.186276
6120,5.1960464
6121,5.3243647
6122,8.87928
6123,9.762575
6124,14.184465
6125,13.653466
6126,7.1766424
6127,9.232237
6128,14.0079365
6129,7.387579
6130,6.070173
6131,5.8281007
6132,7.9863377
6133,5.8051324
6134,5.522982
6135,5.6587377
6136,5.52325
6137,6.05415
6138,5.731537
6139,5.264344
6140,5.1305847
6141,8.490885
6142,5.4664965
6143,5.3415337
6144,5.0705576
6145,4.983666
6146,5.0270276
6147,8.392084
6148,14.049896
6149,10.919365
6150,12.673468
6151,6.1321154
6152,6.337733
6153,5.947352
6154,6.4298935
6155,9.187184
6156,14.03319
6157,7.0270724
6158,6.074873
6159,6.0840583
6160,8.934699
6161,7.275606
6162,8.536165
6163,14.236273
6164,11.068238
6165,14.092615
6166,14.143375
6167,13.731865
6168,14.166482
6169,8.585128
6170,13.571396
6171,13.613884
6172,6.974199
6173,6.2244897
6174,8.326377
6175,13.1448345
6176,14.214878
6177,6.853469
6178,6.3342757
6179,7.538557
6180,6.44483
6181,7.1709156
6182,8.343934
6183,8.960502
6184,13.036318
6185,6.9438515
6186,6.406194
6187,6.172544
6188,6.348963
6189,6.0035057
6190,5.6765575
6191,5.4990873
6192,12.211732
6193,10.851583
6194,13.900393
6195,12.937415
6196,14.203571
6197,13.729343
6198,6.7408338
6199,6.581617
6200,13.364701
6201,14.162369
6202,6.806118
6203,13.302707
6204,14.250485
6205,14.331612
6206,8.179303
6207,7.1730227
6208,6.759967
6209,6.8065524
6210,6.1528587
6211,5.8446956
6212,6.1959915
6213,13.804852
6214,14.135723
6215,13.381531
6216,10.733329
6217,14.223236
6218,14.0075245
6219,14.220953
6220,12.42516
6221,12.700452
6222,9.99101
6223,7.2667875
6224,8.175244
6225,6.9557514
6226,6.4947634
6227,6.148778
6228,7.1646066
6229,6.689597
6230,6.3050065
6231,11.540026
6232,6.4243484
6233,12.209791
6234,6.9088345
6235,6.148779
6236,8.465454
6237,6.382461
6238,6.9434586
6239,6.528455
6240,5.8125825
6241,5.7455306
6242,5.9084196
6243,7.036932
6244,6.140082
6245,5.5531025
6246,5.453698
6247,6.324117
6248,13.774716
6249,14.221168
6250,6.9240837
6251,14.115851
6252,8.758231
6253,14.149725
6254,14.288853
6255,12.327885
6256,7.3730035
6257,10.548727
6258,14.2002325
6259,7.8415537
6260,14.029808
6261,14.083889
6262,14.318854
6263,13.905499
6264,12.474982
6265,6.8348436
6266,8.305419
6267,9.329297
6268,6.687283
6269,9.1811495
6270,6.6368656
6271,11.839661
6272,7.24775
6273,7.691708
6274,6.7018275
6275,13.49864
6276,13.404468
6277,14.166196
6278,7.602986
6279,7.114829
6280,9.68845
6281,8.754896
6282,11.516741
6283,13.664579
6284,14.093405
6285,13.649611
6286,7.968727
6287,6.9660034
6288,7.389506
6289,6.298174
6290,6.8063517
6291,6.6558604
6292,6.7604747
6293,5.908927
6294,5.806487
6295,8.90237
6296,10.093423
6297,14.136112
6298,14.237885
6299,14.26063
6300,14.304527
6301,9.325391
6302,7.107417
6303,14.007294
6304,14.221201
6305,14.235828
6306,14.178882
6307,7.737054
6308,14.284194
6309,14.193909
6310,7.85503
6311,6.910698
6312,8.558781
6313,6.9908237
6314,14.143387
6315,11.2019825
6316,7.1557293
6317,6.677993
6318,9.242868
6319,7.0175734
6320,12.16029
6321,12.636348
6322,9.456937
6323,7.052366
6324,13.085245
6325,6.7389827
6326,6.2692676
6327,6.766775
6328,6.275468
6329,12.995223
6330,14.22271
6331,13.990285
6332,14.302751
6333,9.226747
6334,7.1985035
6335,6.535411
6336,6.63893
6337,13.725669
6338,7.805774
6339,6.5223327
6340,13.904117
6341,14.20422
6342,14.3153515
6343,8.267122
6344,14.105335
6345,14.175886
6346,7.5089045
6347,6.6610007
6348,6.540669
6349,8.980145
6350,8.414742
6351,7.706948
6352,11.997207
6353,14.157043
6354,8.773866
6355,10.855996
6356,7.4507737
6357,9.546972
6358,14.006645
6359,7.224196
6360,9.15754
6361,12.495916
6362,6.926882
6363,10.857537
6364,14.229974
6365,13.165792
6366,14.016297
6367,10.511695
6368,14.239749
6369,11.720835
6370,12.733615
6371,7.828148
6372,10.467576
6373,12.751717
6374,14.036857
6375,14.302245
6376,13.100016
6377,7.1624875
6378,13.91657
6379,14.30256
6380,14.234083
6381,14.316869
6382,14.305934
6383,14.1707
6384,14.260258
6385,14.25231
6386,14.241067
6387,14.30585
6388,12.029171
6389,14.045888
6390,14.054833
6391,13.994152
6392,12.505074
6393,12.9580145
6394,14.251257
6395,14.170353
6396,13.89777
6397,9.204413
6398,8.4651575
6399,14.251902
6400,14.285903
6401,14.327727
6402,14.311907
6403,14.29685
6404,14.261755
6405,14.329432
6406,14.339485
6407,14.348969
6408,13.247665
6409,14.219771
6410,13.881356
6411,14.080799
6412,13.957989
6413,14.3003845
6414,14.191705
6415,14.333329
6416,14.316118
6417,14.323973
6418,14.314542
6419,14.330675
6420,9.938113
6421,8.008994
6422,14.265143
6423,10.014523
6424,14.183418
6425,14.257545
6426,9.733983
6427,14.247377
6428,8.355831
6429,7.3086023
6430,8.540669
6431,14.156296
6432,14.2165575
6433,14.349113
6434,14.287068
6435,13.5484295
6436,8.132704
6437,7.8919005
6438,7.6100802
6439,10.982984
6440,14.325668
6441,8.944147
6442,13.090847
6443,12.501929
6444,7.3879642
6445,7.399365
6446,7.164386
6447,8.882816
6448,7.805039
6449,12.831642
6450,13.705383
6451,14.0948925
6452,7.473744
6453,14.176951
6454,7.7871866
6455,8.67651
6456,13.199581
6457,7.2055616
6458,7.163684
6459,14.057391
6460,13.626521
6461,7.1600943
6462,11.526036
6463,14.145593
6464,14.154854
6465,13.31778
6466,13.625355
6467,11.026632
6468,11.782792
6469,10.529966
6470,14.000115
6471,14.29705
6472,13.349422
6473,13.025405
6474,12.774551
6475,10.722263
6476,12.214999
6477,13.60779
6478,13.024974
6479,12.781472
6480,13.287669
6481,14.225812
6482,9.3427515
6483,7.5636644
6484,7.13815
6485,8.358744
6486,8.437758
6487,8.962995
6488,7.3086715
6489,14.053195
6490,8.862026
6491,10.159664
6492,14.188458
6493,13.928657
6494,14.0704975
6495,14.073694
6496,14.293739
6497,14.115175
6498,14.340041
6499,14.205246
6500,14.320511
6501,8.376965
6502,14.276772
6503,14.2455
6504,14.310175
6505,14.250724
6506,14.34842
6507,12.513667
6508,13.49424
6509,7.825616
6510,10.075426
6511,12.72579
6512,7.1158953
6513,10.36449
6514,13.816608
6515,13.085788
6516,7.144368
6517,6.8531322
6518,14.1318245
6519,14.189696
6520,8.702864
6521,10.750471
6522,7.9563346
6523,7.1794896
6524,12.9499655
6525,6.9225235
6526,11.263581
6527,13.926307
6528,13.943479
6529,14.282954
6530,9.345838
6531,10.164578
6532,14.254013
6533,13.888001
6534,14.252035
6535,10.139059
6536,14.318368
6537,14.34037
6538,14.319756
6539,14.287106
6540,9.582649
6541,13.577017
6542,11.313895
6543,10.409675
6544,8.792475
6545,7.803403
6546,9.367207
6547,13.798366
6548,8.868626
6549,14.109127
6550,14.218279
6551,12.989092
6552,14.171314
6553,14.322495
6554,14.270209
6555,14.326808
6556,13.546355
6557,9.306019
6558,13.825775
6559,7.8416004
6560,7.0400414
6561,14.080569
6562,9.569322
6563,7.3711066
6564,9.917467
6565,14.224383
6566,7.6372886
6567,6.9738894
6568,13.430902
6569,14.2427635
6570,14.322049
6571,14.340046
6572,14.34278
6573,14.294347
6574,14.333029
6575,14.349166
6576,11.323532
6577,9.219255
6578,12.687244
6579,9.7367
6580,12.743955
6581,9.099591
6582,7.7143774
6583,7.0172133
6584,7.482234
6585,10.126994
6586,8.305743
6587,7.696184
6588,13.579107
6589,7.4477997
6590,11.230157
6591,7.663298
6592,6.7992697
6593,6.5059886
6594,13.704828
6595,14.011542
6596,14.110912
6597,14.305459
6598,8.3134985
6599,14.26665
6600,13.905549
6601,7.3993244
6602,8.580705
6603,6.98016
6604,6.696112
6605,6.683974
6606,10.818422
6607,14.069281
6608,14.33747
6609,9.102244
6610,6.913692
6611,14.187965
6612,14.292975
6613,14.320866
6614,14.2792635
6615,14.305596
6616,14.235318
6617,11.401299
6618,13.640814
6619,14.30085
6620,14.168716
6621,8.643378
6622,14.273947
6623,8.164952
6624,14.217536
6625,14.335735
6626,8.007713
6627,7.484908
6628,14.216882
6629,10.742518
6630,7.346817
6631,7.098428
6632,12.210169
6633,13.750563
6634,9.076511
6635,7.437626
6636,7.279592
6637,6.9935064
6638,6.5629163
6639,6.3420978
6640,9.930054
6641,9.270901
6642,9.42403
6643,6.9330616
6644,14.001799
6645,14.251874
6646,14.294661
6647,7.509533
6648,6.793457
6649,6.8411117
6650,6.551978
6651,13.575413
6652,7.1443343
6653,10.676425
6654,13.905118
6655,10.074392
6656,14.195976
6657,13.946608
6658,7.578524
6659,7.3035717
6660,7.928204
6661,13.788867
6662,7.431855
6663,6.5745797
6664,6.3120975
6665,6.2552423
6666,6.3817215
6667,7.3000836
6668,9.184835
6669,9.294901
6670,6.5291543
6671,6.2830815
6672,6.2519097
6673,5.9695787
6674,6.062448
6675,6.10846
6676,5.7008333
6677,9.041462
6678,7.8847184
6679,13.812569
6680,14.228882
6681,14.209949
6682,14.198129
6683,14.04168
6684,7.35543
6685,6.9842296
6686,13.224217
6687,14.173273
6688,13.58976
6689,14.294462
6690,14.242728
6691,7.7419624
6692,13.482136
6693,13.853209
6694,14.297756
6695,10.805061
6696,13.983741
6697,8.085885
6698,7.6907516
6699,14.1095
6700,14.023624
6701,14.315262
6702,10.649006
6703,7.24902
6704,6.6610365
6705,7.3028
6706,6.4048777
6707,6.2718616
6708,6.688214
6709,6.2445498
6710,6.0515494
6711,13.852296
6712,14.282134
6713,14.097948
6714,14.297738
6715,8.2649
6716,14.258723
6717,14.326254
6718,14.256439
6719,13.165169
6720,14.291785
6721,14.303358
6722,9.220424
6723,7.4278297
6724,6.863643
6725,7.276821
6726,6.572303
6727,13.342142
6728,6.6721215
6729,6.4849563
6730,8.52645
6731,8.265556
6732,6.9246807
6733,14.113435
6734,7.2647853
6735,12.819527
6736,7.274045
6737,14.166636
6738,9.525583
6739,6.6299424
6740,6.924813
6741,6.4517827
6742,6.9382505
6743,7.242064
6744,6.3880877
6745,8.530592
6746,6.812288
6747,6.4137406
6748,6.058141
6749,5.931337
6750,6.1699767
6751,6.8339796
6752,6.055572
6753,5.7195487
6754,8.4070635
6755,6.297249
6756,5.864088
6757,6.56913
6758,5.8847294
6759,7.7749467
6760,6.0734286
6761,6.1901507
6762,5.4716988
6763,5.422405
6764,5.5723624
6765,5.3854027
6766,5.2644424
6767,5.869947
6768,5.655896
6769,5.4043846
6770,5.5287037
6771,5.6038895
6772,5.31548
6773,5.6937547
6774,8.566375
6775,13.951073
6776,6.5974565
6777,5.624889
6778,5.4425554
6779,5.1961823
6780,6.793893
6781,6.182819
6782,5.9919353
6783,6.2825284
6784,5.98267
6785,5.9471264
6786,5.6171827
6787,8.362208
6788,10.885059
6789,5.809294
6790,5.6109548
6791,6.2767215
6792,6.030811
6793,12.897628
6794,6.2987204
6795,5.5657024
6796,5.83224
6797,5.788603
6798,8.267981
6799,6.499685
6800,8.88468
6801,11.334184
6802,9.872454
6803,6.457895
6804,9.33176
6805,10.893515
6806,6.8772216
6807,5.812781
6808,6.3037796
6809,12.22402
6810,7.146461
6811,13.068593
6812,14.021971
6813,7.080363
6814,6.518741
6815,5.7242684
6816,5.5630674
6817,12.554929
6818,14.180017
6819,6.5091624
6820,5.947914
6821,9.37669
6822,6.323766
6823,5.7727604
6824,5.7126284
6825,5.443909
6826,10.235493
6827,5.9482837
6828,8.120616
6829,12.943513
6830,14.079691
6831,13.072032
6832,6.852943
6833,6.127215
6834,11.772134
6835,14.2273245
6836,14.122928
6837,14.04925
6838,14.304353
6839,8.548963
6840,12.490826
6841,7.059072
6842,14.257021
6843,8.044421
6844,12.980141
6845,7.123076
6846,14.224817
6847,7.6108747
6848,13.369708
6849,7.0169144
6850,9.431478
6851,12.528734
6852,14.088328
6853,8.878336
6854,13.930734
6855,13.763868
6856,9.019512
6857,11.380307
6858,6.74856
6859,8.880392
6860,8.198549
6861,6.815056
6862,6.913132
6863,6.2508736
6864,6.091948
6865,13.263425
6866,13.676086
6867,6.973838
6868,9.436695
6869,10.735188
6870,6.8749013
6871,6.275823
6872,13.01226
6873,14.26961
6874,7.528195
6875,13.92641
6876,11.429692
6877,14.307969
6878,8.226822
6879,14.131603
6880,7.6213074
6881,8.202076
6882,6.4819994
6883,6.2182856
6884,6.4167166
6885,6.3993673
6886,6.0643315
6887,5.813451
6888,5.9006143
6889,5.814219
6890,5.8900537
6891,5.690985
6892,6.1574497
6893,13.485538
6894,6.2083483
6895,13.984575
6896,6.425186
6897,5.8704295
6898,6.1071115
6899,6.057984
6900,8.210385
6901,6.5455112
6902,5.928074
6903,6.0097165
6904,5.571816
6905,5.9856853
6906,9.791989
6907,6.0798874
6908,5.729635
6909,5.4990077
6910,5.3972855
6911,5.3645434
6912,9.787405
6913,13.85078
6914,14.090316
6915,6.490057
6916,6.0047994
6917,5.6196985
6918,5.356241
6919,7.226007
6920,5.715973
6921,5.3740683
6922,5.353583
6923,10.126484
6924,6.071672
6925,5.616154
6926,5.5527377
6927,7.6445513
6928,6.087148
6929,5.4737506
6930,12.167431
6931,6.004749
6932,8.055875
6933,5.9450464
6934,5.3573155
6935,9.9292145
6936,14.161903
6937,6.303578
6938,5.81453
6939,5.6044364
6940,9.283412
6941,5.736306
6942,5.492756
6943,5.457495
6944,13.434857
6945,6.0210915
6946,9.082414
6947,14.184956
6948,6.8692904
6949,14.097864
6950,14.242479
6951,14.296956
6952,9.059459
6953,7.3635116
6954,5.8974686
6955,5.896554
6956,12.8616905
6957,13.997009
6958,7.138711
6959,6.0820746
6960,6.1630626
6961,5.8774157
6962,9.044973
6963,6.287728
6964,7.278085
6965,14.083682
6966,14.092064
6967,13.758311
6968,12.60847
6969,14.291201
6970,14.128423
6971,14.271033
6972,14.222565
6973,14.3074
6974,9.658487
6975,6.548527
6976,8.317411
6977,7.466745
6978,14.082314
6979,13.642547
6980,14.289526
6981,14.319688
6982,7.995081
6983,7.4585915
6984,14.221058
6985,7.6537523
6986,6.5770154
6987,14.095721
6988,14.313107
6989,14.112345
6990,14.304681
6991,9.953635
6992,14.24585
6993,14.334308
6994,7.9224944
6995,7.824291
6996,10.147722
6997,7.209346
6998,6.512082
6999,10.693311
7000,7.2864285
7001,6.5909905
7002,6.3573275
7003,6.3052497
7004,6.55673
7005,6.382167
7006,13.868614
7007,12.352916
7008,12.297544
7009,14.168737
7010,14.25844
7011,14.317743
7012,14.283181
7013,7.5223947
7014,7.4221005
7015,14.2357435
7016,7.166456
7017,14.108822
7018,13.990027
7019,7.115264
7020,13.390307
7021,7.14227
7022,6.9529614
7023,7.1028733
7024,7.918346
7025,13.788888
7026,8.8178005
7027,7.23704
7028,11.572046
7029,14.28467
7030,7.4733644
7031,14.104985
7032,14.271259
7033,9.581372
7034,7.391413
7035,13.476127
7036,8.588854
7037,8.2088585
7038,6.265663
7039,7.4121346
7040,6.9126863
7041,12.473648
7042,6.70098
7043,6.425044
7044,6.395499
7045,6.2218294
7046,9.499738
7047,14.027014
7048,9.323261
7049,6.5200086
7050,6.4424424
7051,5.9837627
7052,5.741229
7053,5.768083
7054,11.424438
7055,13.157033
7056,14.130864
7057,6.8194847
7058,14.085704
7059,14.105744
7060,6.7233024
7061,6.1659594
7062,12.727555
7063,14.213612
7064,13.263353
7065,14.312372
7066,14.318842
7067,10.309259
7068,14.070105
7069,7.1217628
7070,13.113445
7071,13.723004
7072,14.209033
7073,14.16093
7074,12.144782
7075,13.820686
7076,12.064097
7077,12.011505
7078,9.344945
7079,13.374262
7080,14.140417
7081,14.09185
7082,14.272777
7083,7.385151
7084,7.4468594
7085,13.890384
7086,13.998095
7087,7.033646
7088,14.29649
7089,9.6332655
7090,8.483375
7091,6.6725583
7092,14.0156
7093,7.3646255
7094,13.5143585
7095,7.138941
7096,7.185657
7097,14.19967
7098,13.799563
7099,14.141363
7100,8.93649
7101,10.150019
7102,13.67513
7103,14.217882
7104,13.983682
7105,14.310991
7106,14.24343
7107,8.714868
7108,8.790663
7109,7.1562295
7110,13.607138
7111,14.29241
7112,14.238613
7113,14.251503
7114,14.32254
7115,14.340568
7116,9.337125
7117,14.142685
7118,8.061663
7119,14.328699
7120,7.9999666
7121,14.265999
7122,14.194812
7123,10.894246
7124,12.692912
7125,7.4445815
7126,7.0668626
7127,6.667501
7128,6.6004
7129,6.3915486
7130,9.861484
7131,10.35294
7132,14.053947
7133,7.103429
7134,11.120312
7135,8.178324
7136,6.8142085
7137,6.6295342
7138,6.3338394
7139,6.3667245
7140,6.0660243
7141,6.1442227
7142,5.752793
7143,7.5498104
7144,6.0479546
7145,6.071799
7146,5.707983
7147,5.6565514
7148,5.60785
7149,5.360527
7150,5.424571
7151,5.219228
7152,5.35918
7153,5.1869483
7154,8.757125
7155,6.2016225
7156,5.2861133
7157,5.4361033
7158,5.199108
7159,5.0995984
7160,4.9512486
7161,7.4321394
7162,5.7157526
7163,5.2924705
7164,5.1190624
7165,8.601914
7166,5.759801
7167,5.251213
7168,5.177296
7169,9.842852
7170,6.145131
7171,5.2824025
7172,5.14946
7173,4.9394355
7174,4.875927
7175,4.6151085
7176,4.427661
7177,4.4887323
7178,4.398933
7179,4.277942
7180,4.3023086
7181,4.197904
7182,5.2749963
7183,5.001973
7184,4.6881304
7185,4.5452547
7186,4.1894755
7187,4.264153
7188,4.110516
7189,5.4415884
7190,13.216643
7191,13.382998
7192,13.991763
7193,5.890201
7194,12.420841
7195,6.2907934
7196,5.160944
7197,4.9810038
7198,4.962443
7199,4.793403
7200,4.6367297
7201,4.6112823
7202,4.609396
7203,4.6663246
7204,8.338049
7205,5.3679667
7206,5.4022155
7207,10.169433
7208,5.5660095
7209,12.8434515
7210,14.141639
7211,14.170452
7212,7.315135
7213,12.663804
7214,6.0337157
7215,5.7382884
7216,5.495889
7217,7.270964
7218,14.149546
7219,14.215072
7220,8.221111
7221,5.906803
7222,5.9599543
7223,5.598871
7224,5.456427
7225,5.4090257
7226,13.9130125
7227,13.898552
7228,6.7219768
7229,12.47854
7230,11.853867
7231,6.229414
7232,5.7761602
7233,5.4432106
7234,5.358378
7235,5.33976
7236,5.0072827
7237,5.1472373
7238,5.076456
7239,4.9605722
7240,5.0636363
7241,4.922757
7242,5.070551
7243,10.027578
7244,13.462518
7245,13.784181
7246,14.21727
7247,8.363161
7248,7.041335
7249,14.134239
7250,12.94269
7251,14.289135
7252,8.179112
7253,14.060311
7254,7.255411
7255,6.1947174
7256,10.5624895
7257,13.467649
7258,6.654118
7259,6.1207767
7260,6.139771
7261,6.3452005
7262,13.978974
7263,13.149549
7264,7.7115765
7265,6.39992
7266,13.999492
7267,14.271832
7268,9.070175
7269,6.488537
7270,6.451436
7271,11.778631
7272,14.056226
7273,6.755793
7274,14.186212
7275,7.380873
7276,6.431571
7277,13.630349
7278,13.065399
7279,14.185198
7280,7.2568116
7281,10.571374
7282,14.320727
7283,14.341223
7284,14.333079
7285,9.312945
7286,14.325149
7287,14.04231
7288,14.237967
7289,7.795295
7290,10.184737
7291,14.150137
7292,7.543296
7293,6.7676196
7294,13.967723
7295,7.338517
7296,6.619551
7297,10.085929
7298,6.657815
7299,6.50636
7300,14.165018
7301,13.503957
7302,14.260171
7303,14.2905
7304,14.122864
7305,13.479517
7306,7.2614217
7307,6.875251
7308,6.490831
7309,6.5239325
7310,6.689749
7311,6.0258436
7312,6.1676493
7313,5.9710455
7314,7.5835757
7315,14.093771
7316,7.392995
7317,6.5473275
7318,13.572489
7319,6.9237385
7320,9.873429
7321,14.122666
7322,7.725633
7323,6.3971515
7324,6.158822
7325,6.0664206
7326,5.8775907
7327,8.693323
7328,13.684325
7329,6.5639434
7330,6.277773
7331,5.946717
7332,5.826943
7333,6.048012
7334,5.901049
7335,5.6499777
7336,5.395138
7337,8.062933
7338,14.101168
7339,12.913677
7340,6.376709
7341,6.2399683
7342,5.844359
7343,9.445262
7344,6.5548663
7345,5.5928426
7346,5.4404335
7347,5.2639103
7348,5.254538
7349,5.1836877
7350,5.7844024
7351,9.799627
7352,13.889542
7353,6.242447
7354,8.592308
7355,12.348297
7356,6.2253795
7357,5.7652483
7358,5.7303133
7359,5.6282825
7360,5.2386074
7361,8.485712
7362,13.017947
7363,6.1497555
7364,5.5303993
7365,5.256928
7366,5.175804
7367,5.112776
7368,4.91348
7369,4.785706
7370,6.4767256
7371,13.117782
7372,5.727738
7373,8.58989
7374,5.967027
7375,5.6981378
7376,5.4930387
7377,5.1085124
7378,5.030169
7379,4.8787785
7380,4.712266
7381,4.8181515
7382,4.9925756
7383,4.81981
7384,6.1479945
7385,13.817712
7386,14.151758
7387,6.5825524
7388,5.8186727
7389,10.022833
7390,5.948062
7391,6.350986
7392,5.8020415
7393,5.36765
7394,5.3713465
7395,5.1348515
7396,5.0023293
7397,6.7643547
7398,5.594964
7399,5.1283216
7400,4.91011
7401,7.3789454
7402,5.65439
7403,5.1818323
7404,10.621978
7405,5.6344304
7406,6.6161385
7407,5.454271
7408,5.2235737
7409,5.2748384
7410,5.242511
7411,4.8724194
7412,4.829376
7413,4.678964
7414,6.105333
7415,5.4744143
7416,6.376818
7417,5.612424
7418,5.0252314
7419,8.010266
7420,5.6007123
7421,8.210191
7422,6.1009455
7423,5.20658
7424,9.970869
7425,13.98972
7426,14.216975
7427,8.321941
7428,6.417674
7429,5.657531
7430,5.8829575
7431,5.302584
7432,13.060725
7433,7.0934796
7434,5.9792986
7435,8.2867565
7436,5.667058
7437,10.022618
7438,6.16464
7439,5.678003
7440,5.624874
7441,5.265253
7442,7.528319
7443,14.002332
7444,14.146522
7445,14.307268
7446,7.460571
7447,6.0456777
7448,13.275824
7449,6.5312138
7450,6.248173
7451,5.5821185
7452,7.4125075
7453,5.967383
7454,5.645385
7455,5.472194
7456,5.382852
7457,13.78739
7458,6.437373
7459,5.7263737
7460,5.4146314
7461,5.4603834
7462,5.264763
7463,5.2500896
7464,5.04079
7465,4.985138
7466,4.764112
7467,4.80268
7468,4.823149
7469,4.6318855
7470,9.999443
7471,5.518629
7472,5.181961
7473,5.1009107
7474,4.9203405
7475,4.8870916
7476,4.759427
7477,4.6650944
7478,4.5184
7479,4.618055
7480,4.403411
7481,4.6247983
7482,4.459924
7483,4.4166145
7484,4.3666725
7485,4.232014
7486,4.2034273
7487,4.0186453
7488,4.0295477
7489,6.0245085
7490,5.1249056
7491,7.759558
7492,5.28589
7493,4.8052063
7494,4.601112
7495,4.6073475
7496,7.663132
7497,5.111692
7498,4.6861906
7499,4.5417814
7500,4.508522
7501,9.185662
7502,5.1577816
7503,11.363391
7504,7.806537
7505,5.3254013
7506,7.5736585
7507,6.576734
7508,7.6724663
7509,5.7013907
7510,6.6062417
7511,13.033111
7512,13.969673
7513,12.557095
7514,9.259198
7515,13.732994
7516,14.115194
7517,7.572652
7518,14.040086
7519,6.6539707
7520,5.7786403
7521,5.514657
7522,5.4431787
7523,13.253573
7524,6.2043085
7525,10.991289
7526,6.15423
7527,6.2904487
7528,5.4174366
7529,5.4589806
7530,5.186956
7531,5.154806
7532,4.901101
7533,4.8232126
7534,13.575794
7535,9.3028
7536,6.092735
7537,13.217209
7538,14.099716
7539,6.981354
7540,6.1755605
7541,5.642328
7542,5.6380258
7543,12.382021
7544,6.539722
7545,13.812548
7546,7.098845
7547,6.0039825
7548,5.753693
7549,9.362223
7550,6.246291
7551,5.720794
7552,5.4227858
7553,5.265882
7554,5.4728894
7555,5.019947
7556,5.2131023
7557,4.8738117
7558,4.934348
7559,4.993308
7560,4.6513033
7561,4.904637
7562,4.759247
7563,4.646232
7564,4.6850357
7565,4.4850664
7566,4.5169516
7567,5.3034806
7568,4.875797
7569,4.852163
7570,6.163953
7571,5.5741825
7572,11.640908
7573,13.863529
7574,9.267917
7575,6.0289617
7576,8.59639
7577,5.481821
7578,9.762957
7579,5.873477
7580,5.1859813
7581,10.85557
7582,6.2890944
7583,6.830947
7584,5.6765213
7585,10.168045
7586,6.0615735
7587,5.387567
7588,10.671749
7589,6.698701
7590,5.618962
7591,5.3387527
7592,8.846281
7593,6.624208
7594,6.0498376
7595,7.4854784
7596,6.104272
7597,10.149231
7598,6.294629
7599,5.741752
7600,5.6053257
7601,7.3823557
7602,5.666824
7603,6.1786833
7604,8.30869
7605,5.653935
7606,9.410715
7607,12.056741
7608,14.176368
7609,7.890991
7610,5.9657664
7611,5.7834883
7612,5.6301055
7613,9.162611
7614,6.3691087
7615,8.891998
7616,13.946579
7617,13.791315
7618,6.478892
7619,12.751091
7620,7.907932
7621,6.558904
7622,10.845497
7623,14.189806
7624,6.894232
7625,6.436594
7626,5.9736586
7627,6.7347302
7628,6.5031724
7629,6.9656334
7630,6.14737
7631,5.8813367
7632,6.1281533
7633,5.635247
7634,5.5112257
7635,5.2876096
7636,5.2956786
7637,5.105442
7638,4.9736466
7639,5.1078205
7640,4.829273
7641,4.9837418
7642,4.7216
7643,4.7665815
7644,5.6820884
7645,7.4804497
7646,5.7466135
7647,5.065172
7648,9.096511
7649,5.746992
7650,7.5655603
7651,5.5524993
7652,5.2915115
7653,13.54654
7654,6.0051203
7655,5.639114
7656,5.3315687
7657,5.1724086
7658,8.981899
7659,13.383708
7660,6.360007
7661,14.095862
7662,13.312196
7663,6.3755927
7664,12.539877
7665,5.9877825
7666,5.8686814
7667,5.4253354
7668,7.85117
7669,5.9917746
7670,7.711629
7671,9.692467
7672,14.158086
7673,6.9555454
7674,6.142389
7675,11.234536
7676,6.352057
7677,13.381945
7678,13.028056
7679,6.8420014
7680,8.775693
7681,6.158849
7682,11.138539
7683,14.239531
7684,7.696578
7685,5.884608
7686,6.000096
7687,5.7481747
7688,6.765189
7689,5.6054344
7690,7.700913
7691,6.383017
7692,5.880755
7693,7.9653034
7694,6.096855
7695,13.947859
7696,13.861246
7697,7.148137
7698,6.154182
7699,5.9263954
7700,5.6078563
7701,6.5039062
7702,14.131497
7703,14.2072115
7704,14.265739
7705,14.319599
7706,14.302583
7707,12.549403
7708,14.318118
7709,10.068879
7710,7.284693
7711,14.256273
7712,13.921271
7713,11.379481
7714,7.866205
7715,13.938694
7716,14.222553
7717,8.457998
7718,6.685827
7719,7.2978506
7720,7.9845433
7721,6.911787
7722,6.133677
7723,5.902827
7724,5.892152
7725,5.60814
7726,5.7725134
7727,5.537711
7728,5.6653123
7729,5.6384397
7730,5.3573155
7731,5.9106274
7732,5.656265
7733,5.3573923
7734,8.657063
7735,13.743731
7736,6.823045
7737,12.32081
7738,12.978048
7739,7.3182874
7740,6.208087
7741,12.60656
7742,6.7713404
7743,13.870857
7744,6.6172647
7745,13.441343
7746,13.651265
7747,7.4735637
7748,9.483214
7749,7.411606
7750,6.5516233
7751,5.9823976
7752,13.570478
7753,6.778885
7754,6.278741
7755,6.9305596
7756,6.1695685
7757,5.6934323
7758,5.660029
7759,5.535345
7760,8.9772835
7761,6.4177394
7762,8.252812
7763,6.2547336
7764,5.7997594
7765,5.5682793
7766,6.548011
7767,6.062522
7768,13.290597
7769,13.901991
7770,13.911709
7771,8.949296
7772,6.3904347
7773,5.949771
7774,10.643289
7775,6.46844
7776,13.931967
7777,6.380865
7778,5.928149
7779,5.8719344
7780,5.805431
7781,6.0074205
7782,5.470534
7783,5.3189597
7784,5.1068754
7785,13.594391
7786,6.060883
7787,5.759584
7788,11.185966
7789,6.21769
7790,14.024014
7791,6.523838
7792,13.25536
7793,10.125184
7794,13.866671
7795,7.3704114
7796,6.554575
7797,5.7595863
7798,10.384374
7799,14.122726
7800,6.5137587
7801,6.493561
7802,5.795193
7803,5.955039
7804,9.361179
7805,6.224149
7806,6.541226
7807,14.23123
7808,12.770334
7809,14.088201
7810,14.257857
7811,11.517232
7812,14.243345
7813,14.316459
7814,14.244969
7815,9.824218
7816,6.669344
7817,7.9525146
7818,6.7802296
7819,6.5521636
7820,6.0259056
7821,5.9592614
7822,6.7197757
7823,14.268264
7824,14.145906
7825,14.299741
7826,8.354758
7827,14.250298
7828,13.917179
7829,14.081783
7830,6.952092
7831,14.150747
7832,13.406285
7833,14.3145075
7834,9.070481
7835,14.266703
7836,14.304872
7837,8.667521
7838,7.194763
7839,6.782166
7840,13.580631
7841,9.524387
7842,14.181935
7843,8.95714
7844,14.281633
7845,11.506584
7846,7.1544447
7847,7.345055
7848,10.671717
7849,7.61705
7850,11.652478
7851,13.792638
7852,6.726154
7853,7.7718325
7854,7.217825
7855,8.152781
7856,6.567175
7857,6.4423504
7858,6.1264606
7859,6.098434
7860,6.0008445
7861,8.059807
7862,6.3738647
7863,6.095148
7864,5.941371
7865,7.5295377
7866,14.289704
7867,14.227065
7868,14.102116
7869,14.291792
7870,9.072365
7871,6.629329
7872,6.4822807
7873,6.3078637
7874,6.650096
7875,6.095657
7876,7.4957805
7877,6.5480037
7878,13.4973955
7879,6.5714483
7880,12.718193
7881,6.940686
7882,6.349058
7883,7.428512
7884,6.241311
7885,7.280166
7886,6.0860076
7887,11.161905
7888,6.5779624
7889,9.634462
7890,6.1228576
7891,6.137583
7892,5.8334894
7893,5.6319237
7894,5.3785977
7895,5.274424
7896,5.6267457
7897,6.168144
7898,5.685791
7899,5.5321636
7900,12.012539
7901,5.957366
7902,5.6376505
7903,5.6927657
7904,5.408157
7905,5.2832317
7906,10.249172
7907,14.049902
7908,6.7284083
7909,6.0408564
7910,5.6796093
7911,5.6242094
7912,5.2336235
7913,6.496773
7914,6.065134
7915,6.512816
7916,13.769972
7917,6.1630473
7918,13.091204
7919,6.3274016
7920,5.9909086
7921,5.6983438
7922,5.573421
7923,5.356546
7924,5.2641153
7925,5.2739015
7926,13.333399
7927,14.224087
7928,6.9820795
7929,7.569619
7930,13.186632
7931,6.9729223
7932,5.785339
7933,5.6886086
7934,9.895171
7935,6.910128
7936,5.923654
7937,13.582684
7938,8.620265
7939,6.48551
7940,6.10116
7941,6.131565
7942,6.138482
7943,5.8109326
7944,5.5121703
7945,7.891629
7946,6.152717
7947,8.470711
7948,5.8037467
7949,9.076886
7950,14.014963
7951,7.6696835
7952,6.0088315
7953,14.111313
7954,14.218805
7955,14.246329
7956,14.317435
7957,14.320845
7958,14.32748
7959,8.021209
7960,7.3053055
7961,11.691505
7962,6.7471848
7963,6.5669284
7964,6.2363358
7965,6.169781
7966,6.02979
7967,5.881425
7968,8.598314
7969,13.645632
7970,10.433576
7971,8.596612
7972,14.065576
7973,8.12357
7974,6.7580547
7975,6.292256
7976,6.0290437
7977,9.197859
7978,6.2058277
7979,8.240192
7980,7.8006897
7981,6.412248
7982,5.9375176
7983,5.8914056
7984,6.07342
7985,5.9184327
7986,5.6643705
7987,5.641125
7988,9.862975
7989,6.1352725
7990,6.6691155
7991,6.04887
7992,5.7534804
7993,10.723408
7994,14.218736
7995,7.4390607
7996,6.1586065
7997,7.3914404
7998,6.173263
7999,5.578961
8000,6.070091
8001,8.577429
8002,6.35071
8003,5.759156
8004,6.5215626
8005,6.398643
8006,7.6493816
8007,6.495795
8008,6.105509
8009,10.355328
8010,6.7107005
8011,5.9984093
8012,5.8728786
8013,5.8085303
8014,5.540749
8015,5.2620263
8016,6.564361
8017,11.3104515
8018,6.098366
8019,8.735789
8020,5.962994
8021,10.691702
8022,6.2181087
8023,5.526173
8024,7.3412786
8025,6.0405054
8026,5.6221695
8027,14.077832
8028,14.22557
8029,13.78362
8030,14.283109
8031,11.745008
8032,7.5129986
8033,14.085416
8034,7.066883
8035,14.1616125
8036,7.4776716
8037,14.113797
8038,7.8787165
8039,6.0933776
8040,6.1664557
8041,6.1667337
8042,6.033436
8043,10.562227
8044,6.498722
8045,14.016412
8046,7.036626
8047,5.9896693
8048,6.4329443
8049,5.7739587
8050,5.7309594
8051,5.47263
8052,5.4131546
8053,5.388446
8054,6.443186
8055,6.259821
8056,5.73788
8057,11.493324
8058,6.4439845
8059,5.6457953
8060,5.575095
8061,8.480332
8062,8.648205
8063,8.68445
8064,6.389371
8065,5.8239756
8066,14.071715
8067,6.4042487
8068,6.0974746
8069,6.6745305
8070,6.1740217
8071,5.638963
8072,5.3912354
8073,5.2352133
8074,14.011635
8075,6.065516
8076,5.6379323
8077,5.704015
8078,5.44167
8079,5.441392
8080,5.0413775
8081,5.0645695
8082,7.03663
8083,5.4062595
8084,5.6517525
8085,5.4139547
8086,13.267817
8087,14.115447
8088,9.992982
8089,5.7821035
8090,5.745982
8091,5.780507
8092,11.515708
8093,6.115135
8094,5.5910997
8095,5.4237647
8096,5.2236853
8097,5.084813
8098,6.076001
8099,5.460052
8100,5.179455
8101,4.8915067
8102,4.844851
8103,4.840544
8104,4.6967587
8105,4.648763
8106,4.472803
8107,6.306556
8108,7.122612
8109,7.6463947
8110,5.7857056
8111,5.187787
8112,5.1162915
8113,5.9533167
8114,5.132053
8115,4.9864726
8116,4.8389773
8117,4.8262744
8118,6.9245896
8119,5.225136
8120,5.0938807
8121,4.853476
8122,9.220057
8123,5.593458
8124,5.141122
8125,4.959159
8126,4.778692
8127,6.4852123
8128,5.085344
8129,7.9620843
8130,5.340134
8131,5.013656
8132,4.7860546
8133,4.7455764
8134,4.7038994
8135,8.018064
8136,5.050656
8137,4.893217
8138,4.716998
8139,4.5804477
8140,4.6229763
8141,4.4540567
8142,4.4985566
8143,6.0477843
8144,4.8563914
8145,4.7297325
8146,4.6105933
8147,4.4826255
8148,4.3284307
8149,4.216327
8150,4.1444793
8151,4.1986413
8152,4.0052195
8153,3.9375973
8154,3.93174
8155,3.9849267
8156,6.504831
8157,4.6452746
8158,4.407445
8159,7.7551174
8160,5.1292844
8161,4.5863695
8162,5.0940533
8163,4.611626
8164,4.4949694
8165,10.813259
8166,5.286778
8167,13.260425
8168,14.193268
8169,6.1673226
8170,5.2420025
8171,5.0599027
8172,4.855265
8173,6.483039
8174,10.460872
8175,9.0999155
8176,13.836526
8177,8.69717
8178,5.948303
8179,5.3367305
8180,5.7222276
8181,5.3350472
8182,13.462428
8183,14.127133
8184,6.5801673
8185,13.416056
8186,14.253996
8187,7.084577
8188,14.027215
8189,6.9420767
8190,13.300542
8191,14.178014
8192,14.298725
8193,9.675779
8194,11.597483
8195,6.5315123
8196,6.0517416
8197,13.679209
8198,7.1347036
8199,6.390092
8200,5.867164
8201,6.8123302
8202,13.454033
8203,14.183011
8204,14.26891
8205,7.200301
8206,7.163149
8207,6.278107
8208,5.9027696
8209,5.90974
8210,5.6958413
8211,5.4923887
8212,5.609335
8213,10.069296
8214,6.182228
8215,5.9009256
8216,14.023201
8217,13.62793
8218,6.7121425
8219,6.105373
8220,9.19725
8221,6.6969385
8222,6.101889
8223,5.908313
8224,5.8182154
8225,5.8504477
8226,5.5286846
8227,5.3833723
8228,5.488955
8229,5.2113643
8230,5.2051797
8231,6.867393
8232,5.8772163
8233,5.4909816
8234,8.461057
8235,6.1303988
8236,9.43563
8237,6.1440325
8238,5.5522723
8239,5.4931417
8240,5.3448744
8241,5.4124427
8242,5.0708885
8243,5.051407
8244,7.41347
8245,5.671429
8246,5.3869658
8247,5.123265
8248,4.820565
8249,4.924022
8250,4.8460803
8251,4.6951647
8252,5.305991
8253,4.9635744
8254,4.6667476
8255,4.7257867
8256,4.3258944
8257,11.644705
8258,6.3454695
8259,5.0474024
8260,5.004531
8261,9.159999
8262,5.502027
8263,4.9606147
8264,6.4122047
8265,5.240411
8266,5.001362
8267,7.172081
8268,9.79166
8269,5.9732895
8270,5.404855
8271,5.0071344
8272,8.002818
8273,6.130573
8274,5.143705
8275,13.685615
8276,14.019608
8277,14.129461
8278,14.243966
8279,14.176115
8280,7.274443
8281,14.16357
8282,6.3999286
8283,14.189983
8284,7.173727
8285,14.14634
8286,6.7246175
8287,9.516781
8288,6.7497993
8289,5.7644277
8290,8.928248
8291,7.0768337
8292,6.024447
8293,12.150935
8294,7.4089894
8295,5.934652
8296,13.461189
8297,6.3388004
8298,5.832532
8299,5.6445227
8300,5.4808526
8301,5.828407
8302,9.749113
8303,5.7532735
8304,5.4905033
8305,5.5052853
8306,5.3061495
8307,5.048675
8308,5.1143556
8309,5.165032
8310,4.9167967
8311,5.424311
8312,5.2676473
8313,4.958575
8314,5.062489
8315,5.0227103
8316,4.901507
8317,4.9018893
8318,4.660707
8319,4.665979
8320,4.5419593
8321,4.609983
8322,4.342586
8323,4.5382414
8324,4.3960867
8325,6.00641
8326,5.3841786
8327,5.0094347
8328,5.127252
8329,4.9514713
8330,4.7770805
8331,6.030915
8332,5.462865
8333,4.86211
8334,7.915764
8335,6.317397
8336,5.744539
8337,4.9709563
8338,4.9180408
8339,5.4422016
8340,5.1482453
8341,5.4630933
8342,5.0311604
8343,4.7630486
8344,5.2503085
8345,4.798859
8346,6.8156185
8347,5.8960843
8348,5.0562334
8349,12.664797
8350,6.567057
8351,5.297211
8352,4.9384804
8353,9.508534
8354,5.585
8355,7.715441
8356,5.273709
8357,9.170775
8358,14.04282
8359,14.10658
8360,12.936182
8361,8.318979
8362,14.230389
8363,6.4745526
8364,5.958046
8365,5.6933947
8366,7.0266504
8367,6.219111
8368,5.8530025
8369,11.231566
8370,10.38078
8371,5.923322
8372,5.6913786
8373,5.3875303
8374,11.577036
8375,14.232906
8376,6.339833
8377,6.353284
8378,10.445141
8379,7.8623004
8380,6.0171127
8381,6.7448163
8382,14.152409
8383,14.228333
8384,14.232183
8385,6.9989557
8386,13.734868
8387,14.060333
8388,7.787998
8389,6.2667246
8390,14.044635
8391,14.117874
8392,7.896041
8393,14.034205
8394,14.08289
8395,14.204638
8396,14.28721
8397,13.661744
8398,7.792586
8399,14.236245
8400,14.091892
8401,6.957078
8402,7.02112
8403,14.125156
8404,14.1443205
8405,7.322547
8406,12.856079
8407,13.889271
8408,14.265972
8409,14.255915
8410,8.993679
8411,6.9796453
8412,14.28442
8413,13.857058
8414,14.175866
8415,14.317682
8416,14.185684
8417,14.216321
8418,8.292792
8419,7.1284328
8420,7.4362254
8421,13.6747465
8422,7.0903397
8423,9.733329
8424,7.1070347
8425,6.626994
8426,6.2765737
8427,7.8734245
8428,6.928276
8429,6.317802
8430,6.334518
8431,5.8046045
8432,6.0561557
8433,6.2485495
8434,6.1212783
8435,5.6932364
8436,5.688104
8437,6.428552
8438,6.2518687
8439,5.839371
8440,8.494117
8441,12.790563
8442,6.8779445
8443,7.0408006
8444,6.0685196
8445,5.985904
8446,6.406114
8447,9.237488
8448,6.369763
8449,6.9771996
8450,7.3249097
8451,6.3205433
8452,7.523526
8453,13.947585
8454,14.157552
8455,7.7871876
8456,6.586282
8457,9.770648
8458,14.1593685
8459,6.7852325
8460,10.122022
8461,14.059459
8462,8.616145
8463,6.5506434
8464,6.1355066
8465,9.878748
8466,8.785821
8467,7.395402
8468,8.276829
8469,7.05213
8470,13.527897
8471,13.487274
8472,9.93432
8473,7.265168
8474,13.921188
8475,11.83717
8476,13.637315
8477,14.07434
8478,14.175902
8479,13.748826
8480,10.73031
8481,12.564065
8482,9.929329
8483,14.260402
8484,13.426552
8485,14.260399
8486,14.2083645
8487,9.579943
8488,14.259979
8489,9.268835
8490,10.7444315
8491,14.321
8492,14.147597
8493,7.588535
8494,13.8293705
8495,11.546593
8496,11.822996
8497,13.576958
8498,14.257594
8499,14.208305
8500,13.515089
8501,14.078714
8502,14.070353
8503,9.655402
8504,13.639351
8505,14.031844
8506,14.081019
8507,13.929197
8508,14.215832
8509,14.098972
8510,12.772352
8511,13.923213
8512,14.10311
8513,8.175311
8514,13.761858
8515,8.033652
8516,9.46021
8517,10.596462
8518,13.165541
8519,13.905319
8520,7.969531
8521,9.837205
8522,7.7277
8523,10.077263
8524,10.368913
8525,14.023338
8526,14.01099
8527,12.430535
8528,11.174991
8529,13.487095
8530,11.441901
8531,14.021051
8532,14.110011
8533,13.862235
8534,11.662163
8535,14.177649
8536,14.061157
8537,13.97709
8538,14.332624
8539,14.272628
8540,14.069448
8541,14.318494
8542,14.298048
8543,14.199123
8544,14.159557
8545,8.814097
8546,8.712444
8547,11.794387
8548,12.5526705
8549,14.085787
8550,12.75529
8551,8.939053
8552,13.921652
8553,11.929975
8554,13.457581
8555,14.227977
8556,13.996842
8557,14.125908
8558,14.009539
8559,13.863382
8560,13.876494
8561,13.970721
8562,12.773092
8563,14.183636
8564,8.5137825
8565,10.154437
8566,8.0286875
8567,7.2823863
8568,6.9075446
8569,7.090968
8570,7.3589096
8571,6.7585998
8572,13.41397
8573,14.246463
8574,14.329922
8575,8.86869
8576,14.043645
8577,12.161259
8578,12.631156
8579,7.9966254
8580,6.9376655
8581,6.901078
8582,10.104925
8583,14.161331
8584,8.601232
8585,13.66005
8586,14.039375
8587,12.92755
8588,14.266719
8589,14.306643
8590,13.838039
8591,13.969672
8592,12.496165
8593,13.741194
8594,14.100764
8595,12.086853
8596,8.0399275
8597,8.622387
8598,7.260732
8599,6.866189
8600,6.418464
8601,6.357825
8602,6.413188
8603,8.906774
8604,8.199435
8605,6.493941
8606,6.2468014
8607,6.8078485
8608,6.5828667
8609,6.5325003
8610,6.2876444
8611,5.9924784
8612,7.1109915
8613,14.0042305
8614,8.106792
8615,6.482707
8616,6.3329315
8617,7.341175
8618,6.3190603
8619,7.1379952
8620,9.123164
8621,6.726055
8622,6.9375777
8623,8.336755
8624,6.7383666
8625,6.279402
8626,11.173584
8627,13.620195
8628,7.024259
8629,14.153652
8630,13.810291
8631,14.276351
8632,14.284863
8633,14.23974
8634,14.301334
8635,7.549515
8636,13.884875
8637,7.4238343
8638,9.356865
8639,13.737787
8640,7.3464985
8641,6.7074704
8642,6.5916038
8643,6.41526
8644,6.1955767
8645,8.420086
8646,6.7943325
8647,11.579516
8648,6.5570354
8649,6.0488772
8650,9.492291
8651,6.341938
8652,8.064972
8653,14.163924
8654,13.082384
8655,10.744018
8656,14.081649
8657,9.043461
8658,10.493016
8659,8.045027
8660,8.712141
8661,6.706363
8662,9.89184
8663,7.262315
8664,13.826963
8665,12.840112
8666,6.711813
8667,13.963759
8668,6.8714485
8669,6.624557
8670,6.453483
8671,6.070765
8672,13.65504
8673,8.224997
8674,8.276111
8675,6.3402004
8676,13.692889
8677,8.036789
8678,9.6974535
8679,8.217483
8680,9.519841
8681,7.8889365
8682,7.0048656
8683,12.021323
8684,8.962416
8685,8.804873
8686,8.139075
8687,9.285647
8688,9.084865
8689,10.813927
8690,9.815283
8691,14.184934
8692,11.772012
8693,11.954065
8694,8.980724
8695,9.619367
8696,10.342885
8697,10.060936
8698,13.566719
8699,9.56815
8700,12.614124
8701,9.539713
8702,12.344048
8703,14.170105
8704,11.148536
8705,8.105601
8706,12.410639
8707,12.226012
8708,12.873089
8709,11.949419
8710,9.175951
8711,14.237471
8712,11.772697
8713,10.548052
8714,9.323901
8715,10.289869
8716,13.399176
8717,12.842206
8718,8.937238
8719,10.710731
8720,10.856749
8721,10.5958605
8722,12.143099
8723,13.497279
8724,9.186368
8725,11.544082
8726,9.606482
8727,11.095466
8728,11.714394
8729,12.359799
8730,10.121497
8731,13.048781
8732,12.010311
8733,12.441439
8734,7.0740085
8735,10.2574005
8736,11.210353
8737,12.746833
8738,8.761719
8739,8.689148
8740,9.30051
8741,11.9471655
8742,8.479025
8743,7.77747
8744,9.987375
8745,8.8627825
8746,10.460388
8747,10.14473
8748,11.037057
8749,11.717534
8750,10.31002
8751,10.054086
8752,9.950864
8753,9.064569
8754,8.980307
8755,11.217865
8756,11.519223
8757,11.237504
8758,9.158083
8759,10.144323
8760,11.160147
8761,10.592645
8762,9.840441
8763,9.98076
8764,11.158593
8765,9.234625
8766,10.644914
8767,9.340337
8768,9.065177
8769,10.660319
8770,11.707804
8771,10.729466
8772,13.881371
8773,13.937313
8774,13.588658
8775,12.773609
8776,13.614362
8777,7.471921
8778,13.734497
8779,11.237818
8780,12.153475
8781,10.818048
8782,10.333485
8783,12.108542
8784,9.753423
8785,9.093831
8786,8.9579315
8787,9.498926
8788,8.861448
8789,8.892885
8790,9.641051
8791,8.906319
8792,9.122334
8793,7.8176923
8794,10.013206
8795,9.49967
8796,9.771681
8797,9.357504
8798,7.97526
8799,9.203743
8800,10.536638
8801,7.084879
8802,13.267757
8803,7.1694303
8804,6.9256244
8805,8.434469
8806,8.649998
8807,6.8531766
8808,7.1902695
8809,9.154774
8810,7.7602057
8811,12.554192
8812,8.364472
8813,13.604009
8814,11.887586
8815,7.0551443
8816,7.6525073
8817,9.071411
8818,6.606087
8819,6.414197
8820,6.9303436
8821,7.1823764
8822,7.9902453
8823,6.6991396
8824,6.583081
8825,7.321319
8826,7.55273
8827,7.2229614
8828,7.80001
8829,9.657391
8830,9.077879
8831,8.63131
8832,8.831815
8833,12.643886
8834,10.480529
8835,10.867426
8836,10.651798
8837,9.066402
8838,14.237269
8839,12.447205
8840,9.976642
8841,10.285469
8842,8.870696
8843,10.286375
8844,8.884155
8845,8.741788
8846,6.96257
8847,8.06883
8848,7.7269664
8849,10.932196
8850,10.799159
8851,9.686085
8852,10.253552
8853,11.873087
8854,8.914884
8855,10.513145
8856,13.921815
8857,10.308629
8858,9.562892
8859,8.361109
8860,9.434856
8861,9.386174
8862,7.9233127
8863,8.895422
8864,11.464204
8865,9.122355
8866,9.197151
8867,9.557834
8868,9.63117
8869,12.694082
8870,11.31661
8871,12.908246
8872,13.234785
8873,12.233047
8874,7.1449614
8875,6.558598
8876,6.3618145
8877,6.249639
8878,9.070317
8879,14.108925
8880,12.418015
8881,14.133307
8882,14.263209
8883,11.447675
8884,7.156997
8885,6.6675525
8886,7.1284823
8887,8.977934
8888,6.6621304
8889,6.64679
8890,6.31306
8891,6.2111416
8892,6.478442
8893,6.167201
8894,11.476098
8895,7.918686
8896,6.324777
8897,6.037141
8898,5.925114
8899,7.4868913
8900,13.985299
8901,14.171398
8902,7.3916297
8903,6.5783634
8904,6.1112084
8905,6.04198
8906,7.0240192
8907,6.2462535
8908,5.9417934
8909,6.524029
8910,7.0594277
8911,6.430221
8912,6.1206255
8913,6.333258
8914,6.40906
8915,8.297324
8916,7.611749
8917,11.012743
8918,6.965038
8919,7.510933
8920,9.5321455
8921,10.185572
8922,9.056997
8923,8.693182
8924,7.244495
8925,8.43138
8926,6.384192
8927,6.1098804
8928,6.3775444
8929,6.411867
8930,7.204057
8931,12.844361
8932,13.68986
8933,6.86456
8934,9.621469
8935,6.429293
8936,6.169158
8937,5.978673
8938,13.024477
8939,7.4205885
8940,14.10852
8941,6.799121
8942,6.069301
8943,13.9599905
8944,10.098002
8945,14.048936
8946,14.018834
8947,14.310433
8948,14.263742
8949,14.121251
8950,14.2105665
8951,14.269209
8952,14.282671
8953,14.323417
8954,14.350301
8955,14.324646
8956,14.338728
8957,9.536578
8958,9.086909
8959,7.563015
8960,13.959131
8961,7.526426
8962,13.86508
8963,7.023056
8964,6.9456744
8965,13.986592
8966,11.867884
8967,7.52825
8968,9.538881
8969,11.968668
8970,12.106415
8971,8.767672
8972,6.488133
8973,8.189169
8974,14.1023
8975,7.0991817
8976,6.5608726
8977,13.946689
8978,14.300934
8979,7.8259826
8980,6.6709747
8981,6.805168
8982,8.49382
8983,9.973138
8984,6.934145
8985,13.598154
8986,8.81876
8987,14.274556
8988,7.5696774
8989,7.591809
8990,6.803134
8991,6.420809
8992,6.1356974
8993,9.43555
8994,6.946054
8995,6.277208
8996,8.87199
8997,6.3721223
8998,6.578137
8999,8.525011
9000,6.3565564
9001,6.1841288
9002,5.9930325
9003,6.0677814
9004,5.8560276
9005,7.4422407
9006,6.251548
9007,5.9348516
9008,6.8228774
9009,6.0978374
9010,6.0185866
9011,6.0166287
9012,5.608993
9013,7.3472176
9014,5.7216573
9015,6.50125
9016,9.229685
9017,13.89656
9018,14.227725
9019,6.9240365
9020,6.383616
9021,14.223767
9022,6.684094
9023,13.870827
9024,13.7626295
9025,11.884195
9026,8.584357
9027,13.873219
9028,8.162265
9029,7.1030726
9030,14.176498
9031,9.257057
9032,7.1515675
9033,6.236945
9034,6.3438396
9035,5.726588
9036,6.6711316
9037,6.194892
9038,6.0703974
9039,11.468312
9040,13.926773
9041,6.784102
9042,6.2747946
9043,8.3014145
9044,6.050287
9045,7.317937
9046,6.387262
9047,5.7751746
9048,5.634811
9049,12.830247
9050,8.911872
9051,14.247517
9052,8.988058
9053,6.098796
9054,14.0542755
9055,6.6390862
9056,6.836215
9057,5.9950714
9058,5.7485304
9059,7.1380715
9060,6.963974
9061,14.098677
9062,14.159582
9063,14.207658
9064,8.542189
9065,7.0043983
9066,6.2986913
9067,5.9108047
9068,5.8418236
9069,5.861369
9070,5.822742
9071,6.88078
9072,13.643966
9073,7.410765
9074,14.200585
9075,6.8054385
9076,8.689499
9077,9.192867
9078,14.255354
9079,7.3806124
9080,14.092165
9081,6.9166775
9082,6.886339
9083,6.484645
9084,13.581301
9085,14.029162
9086,14.171191
9087,14.25363
9088,7.9330373
9089,14.244588
9090,9.225981
9091,14.076211
9092,14.317186
9093,14.315539
9094,14.301045
9095,10.602951
9096,14.218406
9097,10.419532
9098,14.182236
9099,11.8706875
9100,9.768698
9101,11.438456
9102,14.212385
9103,14.235904
9104,14.338509
9105,14.317476
9106,14.326147
9107,14.314278
9108,14.290536
9109,14.341625
9110,14.360849
9111,13.173691
9112,14.251856
9113,8.758036
9114,7.2667933
9115,14.213687
9116,7.795595
9117,7.517909
9118,14.30881
9119,14.112841
9120,8.597273
9121,7.0322423
9122,6.79682
9123,7.497217
9124,6.696229
9125,13.016957
9126,14.063801
9127,14.312878
9128,14.199869
9129,14.288418
9130,14.288261
9131,14.331648
9132,13.994777
9133,8.669877
9134,7.453453
9135,7.0265026
9136,13.729897
9137,12.433146
9138,7.278128
9139,6.828875
9140,7.474322
9141,8.244996
9142,12.113655
9143,14.288039
9144,14.316785
9145,11.049099
9146,14.16987
9147,14.248667
9148,14.336716
9149,14.330397
9150,14.286378
9151,14.331668
9152,10.703755
9153,14.266548
9154,7.325232
9155,9.525887
9156,13.482064
9157,7.3639207
9158,10.746625
9159,14.309523
9160,13.162082
9161,13.533512
9162,14.318612
9163,14.227981
9164,14.341498
9165,9.508354
9166,7.6595697
9167,14.265059
9168,8.226883
9169,14.206508
9170,8.999301
9171,11.525836
9172,7.1557255
9173,6.713783
9174,14.113362
9175,14.310757
9176,14.2028
9177,7.7487183
9178,10.943278
9179,7.49174
9180,14.068792
9181,13.199081
9182,14.130675
9183,14.335497
9184,14.355136
9185,12.519002
9186,14.333486
9187,14.345961
9188,8.993732
9189,14.061775
9190,7.6076746
9191,10.721757
9192,8.28692
9193,6.9668903
9194,11.350482
9195,14.255541
9196,7.5037003
9197,7.462938
9198,6.6953545
9199,6.655872
9200,6.977663
9201,8.127738
9202,7.524581
9203,13.802702
9204,7.6709995
9205,6.6402946
9206,7.7123632
9207,13.901847
9208,8.7217455
9209,11.363442
9210,10.821818
9211,14.253214
9212,7.6909747
9213,7.235519
9214,6.9820256
9215,12.689116
9216,7.1506867
9217,6.5876064
9218,13.890576
9219,7.708501
9220,7.050705
9221,11.225361
9222,7.4824405
9223,6.292906
9224,6.2197924
9225,11.859266
9226,6.4918756
9227,13.928728
9228,7.1524534
9229,8.997866
9230,6.7284174
9231,11.565062
9232,6.5860023
9233,10.718292
9234,7.0324373
9235,7.7620983
9236,14.113511
9237,7.4921794
9238,6.5233436
9239,6.18456
9240,6.2531915
9241,7.350502
9242,6.8377056
9243,5.947152
9244,6.124981
9245,5.6950154
9246,5.5793486
9247,5.4167676
9248,5.255607
9249,6.3223276
9250,5.6406016
9251,13.833583
9252,6.9822655
9253,5.5033584
9254,5.598303
9255,5.245769
9256,5.12313
9257,6.1888914
9258,8.608261
9259,8.813582
9260,14.228251
9261,6.405964
9262,6.602972
9263,5.629386
9264,5.680821
9265,5.4296384
9266,13.11803
9267,6.1392183
9268,6.5966516
9269,8.502185
9270,6.1647043
9271,6.3664136
9272,9.7754135
9273,6.03831
9274,14.104478
9275,12.768939
9276,14.113104
9277,6.81558
9278,14.090202
9279,9.173135
9280,14.172278
9281,11.068067
9282,14.295196
9283,14.23087
9284,8.834276
9285,13.881561
9286,14.25662
9287,14.232737
9288,14.291142
9289,14.305934
9290,11.569804
9291,14.277758
9292,14.255802
9293,14.297171
9294,14.307543
9295,9.291296
9296,14.290964
9297,14.317694
9298,9.667362
9299,14.188481
9300,14.319133
9301,14.261143
9302,14.269803
9303,14.296846
9304,9.986714
9305,14.278816
9306,8.007343
9307,13.579061
9308,14.317528
9309,14.297829
9310,14.319227
9311,13.932077
9312,14.037235
9313,13.674203
9314,7.772823
9315,14.169953
9316,14.059076
9317,14.311772
9318,14.319475
9319,12.995603
9320,7.5502234
9321,14.048631
9322,7.6527214
9323,14.104589
9324,14.313559
9325,14.340677
9326,12.232105
9327,9.182748
9328,9.019458
9329,14.233727
9330,14.245596
9331,14.27311
9332,14.239478
9333,14.31392
9334,14.245883
9335,10.153224
9336,10.419234
9337,7.2724953
9338,13.835696
9339,7.4472156
9340,13.900051
9341,14.277828
9342,14.250357
9343,7.9211683
9344,7.4006186
9345,6.7994165
9346,7.9904156
9347,8.21517
9348,9.469613
9349,9.96232
9350,12.187295
9351,7.1033397
9352,6.7475853
9353,7.128751
9354,9.441386
9355,8.244567
9356,6.950943
9357,13.76539
9358,8.356928
9359,6.658306
9360,6.3132195
9361,6.312331
9362,6.253146
9363,6.090322
9364,5.881509
9365,5.866703
9366,5.917749
9367,5.6391954
9368,5.705518
9369,5.688109
9370,9.441557
9371,6.40416
9372,7.223814
9373,6.2315335
9374,6.929572
9375,14.098809
9376,6.6860805
9377,5.915849
9378,5.899822
9379,5.6636844
9380,6.9023805
9381,14.125466
9382,7.1892548
9383,8.709054
9384,6.311157
9385,5.9365597
9386,5.733081
9387,8.321537
9388,14.142344
9389,7.0218616
9390,6.0508657
9391,5.920837
9392,5.486994
9393,5.511455
9394,5.253412
9395,6.7505803
9396,7.5530725
9397,5.6382513
9398,5.3173666
9399,5.2398267
9400,5.1237664
9401,5.0871377
9402,4.699557
9403,6.396939
9404,6.59763
9405,5.505166
9406,10.615427
9407,14.122043
9408,8.900883
9409,7.1497965
9410,5.757023
9411,5.6577444
9412,5.451094
9413,5.306175
9414,5.391
9415,4.902964
9416,4.9129796
9417,6.1252637
9418,5.4323463
9419,10.624203
9420,12.626994
9421,14.196098
9422,14.129852
9423,13.029163
9424,14.13982
9425,14.309834
9426,14.271386
9427,7.8992496
9428,7.205165
9429,6.2419066
9430,6.24949
9431,13.880706
9432,6.6625457
9433,6.0718427
9434,5.8557024
9435,5.7311707
9436,5.5884852
9437,5.4189734
9438,5.283948
9439,7.7366548
9440,14.2065115
9441,14.096
9442,6.967819
9443,5.916603
9444,5.847037
9445,5.679603
9446,13.464176
9447,11.128395
9448,6.347881
9449,5.509973
9450,12.773846
9451,11.846013
9452,13.7944975
9453,8.78817
9454,9.694854
9455,13.861293
9456,7.149469
9457,6.2911935
9458,6.0357094
9459,12.336638
9460,14.141409
9461,14.012062
9462,8.285993
9463,9.063593
9464,7.8082304
9465,6.115916
9466,5.8925104
9467,5.721733
9468,13.115025
9469,6.142326
9470,9.816355
9471,6.1824536
9472,5.9272137
9473,6.0204678
9474,6.488616
9475,6.0036073
9476,5.7203317
9477,5.6622696
9478,5.5697784
9479,5.6341147
9480,6.866428
9481,5.8869348
9482,8.315302
9483,8.917328
9484,8.972628
9485,13.493943
9486,14.132675
9487,6.739298
9488,14.044776
9489,7.4156713
9490,6.3092647
9491,5.960034
9492,5.659316
9493,5.664995
9494,5.5851026
9495,5.267976
9496,5.2071447
9497,5.2615128
9498,5.7465425
9499,7.597254
9500,6.6827917
9501,8.154499
9502,5.7767262
9503,6.4824777
9504,13.648993
9505,7.42523
9506,13.448379
9507,14.240845
9508,6.9937186
9509,6.1962214
9510,12.483748
9511,6.6491494
9512,6.1092067
9513,5.6636763
9514,8.628645
9515,13.683111
9516,6.489122
9517,12.805124
9518,13.860352
9519,13.827651
9520,14.057488
9521,13.366368
9522,12.858617
9523,9.060513
9524,6.3118124
9525,6.304554
9526,6.1894345
9527,5.848421
9528,5.6118593
9529,13.788513
9530,6.3823776
9531,5.8617687
9532,7.4266505
9533,8.0304
9534,13.731306
9535,12.220635
9536,9.553829
9537,7.352111
9538,6.4818125
9539,6.1093235
9540,6.1120806
9541,6.284481
9542,5.7013235
9543,5.7890563
9544,5.514669
9545,13.374933
9546,6.138156
9547,13.283065
9548,14.148469
9549,6.4404907
9550,6.877504
9551,13.044262
9552,8.631561
9553,14.253499
9554,7.869159
9555,12.755226
9556,14.193442
9557,13.81628
9558,7.846874
9559,7.0260315
9560,6.416595
9561,13.768081
9562,6.806079
9563,13.8809185
9564,7.276759
9565,6.2650843
9566,6.125387
9567,5.892355
9568,6.09465
9569,7.5132866
9570,6.244885
9571,5.9308414
9572,5.7697554
9573,5.633936
9574,10.514179
9575,6.1085753
9576,5.722413
9577,5.4392924
9578,6.536039
9579,12.941387
9580,6.1748786
9581,12.235067
9582,6.427412
9583,5.8621297
9584,5.8781614
9585,6.200642
9586,5.905514
9587,6.167723
9588,13.635459
9589,12.935343
9590,10.516241
9591,14.006002
9592,14.301073
9593,14.1156845
9594,9.888496
9595,6.3299475
9596,8.7053585
9597,13.209592
9598,6.494818
9599,6.051984
9600,6.058473
9601,5.697755
9602,11.532131
9603,6.2997546
9604,13.200281
9605,7.075997
9606,13.147676
9607,6.7418175
9608,6.265938
9609,5.750624
9610,5.6452193
9611,5.557874
9612,5.673138
9613,8.2396145
9614,5.8243775
9615,5.513503
9616,5.603715
9617,5.5152016
9618,5.252782
9619,5.050017
9620,4.8884287
9621,5.075745
9622,5.6512203
9623,6.2196293
9624,7.3007174
9625,5.747495
9626,5.439591
9627,7.847518
9628,10.660121
9629,6.1900487
9630,5.7507734
9631,5.208279
9632,8.733529
9633,5.6109138
9634,5.368045
9635,10.346445
9636,13.97735
9637,11.069404
9638,6.1873536
9639,6.023688
9640,9.160567
9641,11.644856
9642,11.5631275
9643,14.114722
9644,7.046964
9645,6.106682
9646,11.601597
9647,14.234364
9648,14.236465
9649,14.283659
9650,8.623186
9651,6.7541776
9652,6.3101654
9653,6.0425386
9654,5.630062
9655,5.916579
9656,5.6914935
9657,13.860994
9658,13.866015
9659,6.321199
9660,6.5958652
9661,8.950153
9662,14.0089
9663,13.172416
9664,6.285606
9665,6.0552325
9666,6.1486654
9667,5.5807624
9668,5.3832364
9669,5.2857714
9670,5.342902
9671,5.3008223
9672,5.089181
9673,5.4574146
9674,5.3380785
9675,5.0760126
9676,5.9360676
9677,5.3949833
9678,10.131133
9679,6.350237
9680,5.621023
9681,13.718804
9682,6.4248013
9683,13.765828
9684,6.908114
9685,5.8083158
9686,5.600632
9687,5.508008
9688,5.396687
9689,5.1753497
9690,5.067831
9691,6.539578
9692,5.5866218
9693,5.2498293
9694,6.272033
9695,6.8450465
9696,6.2738676
9697,12.179407
9698,6.0037103
9699,5.6718936
9700,5.4494724
9701,5.1752596
9702,5.1831656
9703,4.829289
9704,4.8899584
9705,7.981897
9706,9.729119
9707,13.862992
9708,13.756955
9709,13.895693
9710,6.519141
9711,5.8647738
9712,5.5457134
9713,5.364512
9714,5.368466
9715,5.154271
9716,5.1920905
9717,7.7579727
9718,5.6117725
9719,5.1172366
9720,5.0313897
9721,4.978108
9722,4.7839193
9723,4.5653267
9724,7.192157
9725,14.041766
9726,5.707624
9727,5.2813478
9728,5.0998564
9729,5.00269
9730,5.0112205
9731,4.7806106
9732,4.712443
9733,13.390871
9734,5.721408
9735,5.1061287
9736,8.707008
9737,5.4475875
9738,11.007592
9739,10.495043
9740,13.882893
9741,6.946103
9742,14.081226
9743,10.968316
9744,7.224194
9745,12.867809
9746,6.61891
9747,13.799051
9748,14.114476
9749,7.1564198
9750,6.281508
9751,13.858759
9752,10.648794
9753,6.147209
9754,5.8558664
9755,5.7732716
9756,5.5704885
9757,6.4913344
9758,6.2106724
9759,6.6584773
9760,5.86486
9761,5.5283318
9762,11.097898
9763,13.796921
9764,7.902252
9765,5.719894
9766,13.865773
9767,7.3226376
9768,14.079779
9769,6.592717
9770,6.363997
9771,6.035374
9772,5.852208
9773,10.314884
9774,13.955748
9775,6.8655567
9776,13.8125925
9777,7.377265
9778,6.2589116
9779,5.8050733
9780,5.6707654
9781,13.48187
9782,7.1371136
9783,5.846863
9784,5.6985307
9785,5.5142345
9786,5.361864
9787,5.3465176
9788,5.0117235
9789,5.198329
9790,4.9580526
9791,6.3693867
9792,10.880085
9793,5.944045
9794,5.5545692
9795,5.265805
9796,5.355103
9797,5.1246324
9798,5.043039
9799,5.0576777
9800,8.045814
9801,7.153132
9802,10.543513
9803,12.140508
9804,12.207037
9805,6.233428
9806,5.9653707
9807,5.8437853
9808,7.443762
9809,5.78155
9810,9.448064
9811,8.982483
9812,6.511883
9813,7.267962
9814,7.822529
9815,13.883967
9816,13.689584
9817,13.912089
9818,9.095672
9819,7.325408
9820,6.2291017
9821,6.5889215
9822,5.918571
9823,9.580537
9824,6.0528407
9825,11.023235
9826,6.4449754
9827,5.804718
9828,11.207361
9829,6.4554586
9830,5.7223573
9831,9.672645
9832,6.109734
9833,5.6974425
9834,5.7776356
9835,5.189961
9836,5.3180804
9837,8.635867
9838,7.436399
9839,12.842957
9840,13.109937
9841,8.596574
9842,6.107787
9843,7.494422
9844,9.304948
9845,6.0546136
9846,6.7003927
9847,6.2910953
9848,6.1476283
9849,6.0048585
9850,6.019694
9851,5.9164014
9852,5.6388927
9853,8.882182
9854,6.110705
9855,5.6911407
9856,5.498705
9857,5.300363
9858,5.2995124
9859,5.8464513
9860,5.152212
9861,8.471522
9862,6.1035204
9863,5.5821514
9864,8.833616
9865,5.845718
9866,8.710583
9867,6.3840055
9868,13.75373
9869,6.804971
9870,8.226085
9871,7.9671607
9872,6.6265845
9873,8.119692
9874,12.938814
9875,14.170406
9876,14.205751
9877,8.094492
9878,6.2630672
9879,8.52885
9880,6.252223
9881,13.908963
9882,6.883107
9883,5.946526
9884,6.7679152
9885,8.80195
9886,6.5071206
9887,5.9024963
9888,7.991713
9889,6.030623
9890,13.964167
9891,6.37873
9892,6.066969
9893,5.423326
9894,8.861945
9895,6.0857077
9896,5.5432405
9897,5.762819
9898,5.3264236
9899,5.4111953
9900,5.292486
9901,8.748693
9902,5.6937456
9903,5.354749
9904,5.319223
9905,6.5319357
9906,7.0378127
9907,5.6721888
9908,5.3465967
9909,5.397442
9910,13.590995
9911,5.8870564
9912,7.3835063
9913,5.6954746
9914,5.7202377
9915,6.647758
9916,5.5406737
9917,6.333088
9918,5.7561197
9919,6.228968
9920,8.384389
9921,7.1366806
9922,5.983786
9923,6.6674013
9924,9.625003
9925,9.009932
9926,11.617727
9927,13.801732
9928,7.1498594
9929,10.254969
9930,7.8097496
9931,6.648169
9932,6.480326
9933,5.636704
9934,5.680927
9935,5.415392
9936,6.5840764
9937,5.6708436
9938,5.333579
9939,5.6177306
9940,5.323393
9941,5.2094193
9942,6.07229
9943,5.704147
9944,9.215206
9945,6.6498375
9946,5.2836246
9947,11.240202
9948,6.2079697
9949,5.4573226
9950,5.3362994
9951,10.863644
9952,5.807348
9953,6.46751
9954,5.648567
9955,5.3213325
9956,8.477329
9957,5.9489827
9958,5.3883696
9959,5.261278
9960,5.2811036
9961,5.064469
9962,4.960087
9963,5.7923183
9964,8.561355
9965,11.328135
9966,5.9755692
9967,5.699185
9968,5.417282
9969,5.164197
9970,8.833767
9971,5.6457458
9972,5.2990413
9973,5.101893
9974,4.930388
9975,5.7851114
9976,5.2906275
9977,6.695265
9978,5.909172
9979,5.272389
9980,10.954037
9981,6.0280004
9982,5.3469
9983,5.2166414
9984,5.066417
9985,6.275305
9986,13.072841
9987,5.624849
9988,5.1446896
9989,6.3772006
9990,5.429269
9991,5.697998
9992,7.434119
9993,5.730683
9994,13.630309
9995,14.125782
9996,6.362214
9997,14.150047
9998,6.543714
9999,5.7085333
10000,5.6801844
10001,13.90515
10002,6.4140935
10003,13.864355
10004,6.46983
10005,5.763215
10006,8.333564
10007,10.189435
10008,14.248781
10009,14.156254
10010,14.173388
10011,7.9911594
10012,6.32023
10013,8.544562
10014,6.6327357
10015,6.1097403
10016,13.992172
10017,14.219839
10018,7.3159947
10019,14.207893
10020,7.040155
10021,6.4701824
10022,6.2025366
10023,5.823803
10024,5.7627683
10025,5.7475944
10026,5.602961
10027,5.5939445
10028,5.63469
10029,5.987973
10030,14.103666
10031,6.4707837
10032,5.880635
10033,11.331997
10034,14.029607
10035,7.129171
10036,6.1498647
10037,5.671084
10038,5.599913
10039,5.513605
10040,7.294291
10041,6.3766327
10042,5.6983447
10043,5.6734734
10044,5.408443
10045,5.4466863
10046,5.323419
10047,8.562189
10048,5.839353
10049,5.529065
10050,5.5874457
10051,8.854021
10052,6.1294713
10053,5.450153
10054,13.114758
10055,13.378333
10056,6.96969
10057,5.8308234
10058,5.8496275
10059,5.5972757
10060,6.53905
10061,5.5064044
10062,5.130218
10063,5.2751956
10064,5.2119303
10065,5.37694
10066,5.49471
10067,5.252454
10068,6.443517
10069,5.325806
10070,5.145037
10071,4.9286814
10072,4.7313967
10073,9.796344
10074,5.6870418
10075,4.9059772
10076,4.8530746
10077,4.7192106
10078,5.1479673
10079,6.54201
10080,5.4916387
10081,5.025103
10082,8.207072
10083,5.5192065
10084,5.3191996
10085,9.57924
10086,5.5553255
10087,5.2327228
10088,9.1149645
10089,5.7381153
10090,12.079336
10091,6.0025883
10092,9.714331
10093,14.132413
10094,14.228448
10095,6.8804135
10096,5.687745
10097,13.548941
10098,7.491311
10099,5.7468214
10100,5.317573
10101,5.3794804
10102,7.4253087
10103,8.494264
10104,6.0341463
10105,5.541661
10106,11.116619
10107,9.55195
10108,6.295025
10109,5.6783757
10110,5.4661317
10111,11.192213
10112,6.875169
10113,11.075163
10114,14.081738
10115,7.7667675
10116,6.008169
10117,5.5502443
10118,9.7839775
10119,6.34712
10120,8.043994
10121,6.092968
10122,5.664388
10123,5.7720695
10124,5.3395786
10125,5.189615
10126,5.3990536
10127,6.131494
10128,8.329434
10129,6.1385417
10130,9.3908
10131,6.381237
10132,5.7257605
10133,5.51349
10134,5.1899695
10135,10.232687
10136,6.107685
10137,13.90056
10138,6.230283
10139,6.8390183
10140,5.98613
10141,5.6859255
10142,5.362035
10143,5.348909
10144,5.2537622
10145,5.384835
10146,5.1854005
10147,8.123012
10148,5.874588
10149,5.274419
10150,7.319928
10151,5.8264446
10152,5.321746
10153,5.40621
10154,5.064522
10155,6.3793383
10156,5.421215
10157,4.9842114
10158,4.9794765
10159,8.413155
10160,5.7792473
10161,5.3368745
10162,5.9988422
10163,6.192642
10164,5.3044977
10165,5.064977
10166,5.050048
10167,4.8159833
10168,4.801698
10169,4.6516333
10170,4.578153
10171,6.63157
10172,4.922386
10173,6.4450383
10174,5.3997307
10175,4.9355645
10176,8.2056675
10177,5.500009
10178,5.114755
10179,4.8298726
10180,4.6210966
10181,4.653878
10182,4.3512363
10183,4.561939
10184,4.4068007
10185,9.664654
10186,5.4860106
10187,8.606351
10188,13.136279
10189,6.928978
10190,5.7494154
10191,5.201557
10192,5.125631
10193,7.8014984
10194,5.5912356
10195,8.322068
10196,6.453518
10197,5.336464
10198,5.139332
10199,5.5659504
10200,13.173749
10201,5.875263
10202,11.15817
10203,13.285535
10204,14.2452
10205,6.4653387
10206,6.258855
10207,5.4742336
10208,13.329013
10209,13.752339
10210,14.172162
10211,8.189184
10212,14.107375
10213,6.9175096
10214,6.009946
10215,5.9584675
10216,5.4914966
10217,5.322907
10218,5.400232
10219,6.1661124
10220,5.6360893
10221,5.27633
10222,5.1095243
10223,5.2265363
10224,5.747909
10225,5.355093
10226,13.965005
10227,5.9415417
10228,5.6006947
10229,5.3578916
10230,4.9763775
10231,5.079587
10232,6.4074697
10233,5.501256
10234,5.22335
10235,5.0152283
10236,5.0886416
10237,4.9124355
10238,4.772393
10239,6.470403
10240,10.664659
10241,6.093529
10242,5.640118
10243,5.4422655
10244,5.1124415
10245,5.1323595
10246,5.0076313
10247,7.037731
10248,5.68297
10249,4.968113
10250,5.7646246
10251,5.6899114
10252,9.041616
10253,5.7713366
10254,9.330034
10255,13.213663
10256,6.2985106
10257,8.154445
10258,5.9319124
10259,5.846656
10260,5.5436926
10261,5.144617
10262,5.123719
10263,5.2366004
10264,4.8490667
10265,4.8648663
10266,6.524455
10267,5.3543773
10268,5.0937147
10269,12.053433
10270,5.7873826
10271,5.035447
10272,4.8372526
10273,8.27702
10274,5.2588944
10275,4.9978466
10276,4.716785
10277,4.7291737
10278,4.686021
10279,4.586403
10280,4.460007
10281,4.4501863
10282,4.429913
10283,4.317554
10284,4.26579
10285,9.997243
10286,5.204211
10287,4.795584
10288,4.6536956
10289,4.4994135
10290,8.056261
10291,13.832907
10292,13.154327
10293,6.4554195
10294,5.384613
10295,5.069762
10296,12.556832
10297,14.1070385
10298,6.3197103
10299,7.8091974
10300,5.655608
10301,5.2868404
10302,5.3690453
10303,5.2758255
10304,10.112141
10305,6.323447
10306,5.557365
10307,5.329234
10308,9.182729
10309,7.1002703
10310,13.6228075
10311,14.017878
10312,7.102535
10313,6.051733
10314,8.663338
10315,14.057571
10316,14.179081
10317,8.680269
10318,7.3286657
10319,11.573189
10320,8.248215
10321,11.826666
10322,6.507295
10323,14.126569
10324,14.035498
10325,13.963242
10326,14.0275345
10327,9.718757
10328,13.693068
10329,14.176465
10330,11.191859
10331,11.508237
10332,14.054276
10333,13.908534
10334,14.293968
10335,14.280742
10336,14.265967
10337,13.566581
10338,14.2680645
10339,8.269093
10340,11.937609
10341,9.363715
10342,6.7230606
10343,6.4755354
10344,7.338426
10345,9.035026
10346,14.108274
10347,14.288438
10348,14.1601095
10349,11.195742
10350,7.5412283
10351,10.574911
10352,12.74753
10353,14.209684
10354,14.098499
10355,13.736313
10356,13.606274
10357,14.017483
10358,13.954206
10359,8.435367
10360,6.9265795
10361,8.462944
10362,10.306173
10363,8.152893
10364,7.3152122
10365,9.2270565
10366,8.194134
10367,6.7485175
10368,6.4455967
10369,7.147104
10370,9.264322
10371,6.9835157
10372,7.371776
10373,9.656893
10374,10.446602
10375,13.276496
10376,12.200632
10377,9.409708
10378,8.941402
10379,6.8659234
10380,6.3929057
10381,7.963866
10382,10.982412
10383,9.840604
10384,9.121799
10385,12.738913
10386,12.152217
10387,7.66991
10388,7.875245
10389,10.422342
10390,11.180069
10391,8.966539
10392,8.613812
10393,8.189432
10394,9.022835
10395,10.948062
10396,8.281399
10397,6.887464
10398,6.517194
10399,7.1398406
10400,6.6198306
10401,6.447608
10402,6.301221
10403,6.740871
10404,7.778004
10405,6.549983
10406,6.75678
10407,8.910737
10408,7.4682403
10409,6.9021425
10410,8.1481085
10411,8.238914
10412,9.001606
10413,6.9968114
10414,8.361036
10415,9.680759
10416,7.8885207
10417,7.2140446
10418,6.426894
10419,7.937976
10420,7.109252
10421,7.1657243
10422,9.51229
10423,7.65925
10424,6.292333
10425,6.913612
10426,7.8330646
10427,7.4380136
10428,7.3577375
10429,12.569153
10430,7.9474363
10431,7.7630568
10432,8.9006405
10433,8.828118
10434,7.623311
10435,8.819156
10436,6.980971
10437,7.341468
10438,7.1199136
10439,6.5628967
10440,7.0386133
10441,9.376456
10442,12.311088
10443,11.478357
10444,10.010615
10445,8.057906
10446,7.692944
10447,7.050716
10448,7.807211
10449,7.5082293
10450,6.8525133
10451,6.887344
10452,6.7761993
10453,6.7037034
10454,6.3843927
10455,6.4294214
10456,7.8972435
10457,11.212817
10458,10.333428
10459,8.060783
10460,9.920054
10461,7.1095643
10462,9.092713
10463,7.1047516
10464,14.010517
10465,7.2650957
10466,7.9121294
10467,6.379556
10468,8.214164
10469,7.879352
10470,7.294567
10471,6.269761
10472,6.442423
10473,6.6627297
10474,6.4372964
10475,6.2501807
10476,6.7008305
10477,6.50676
10478,6.347998
10479,6.0022697
10480,5.9764967
10481,5.949607
10482,7.0269423
10483,5.9817276
10484,6.111243
10485,6.4902897
10486,6.655083
10487,6.5370903
10488,7.831609
10489,7.008724
10490,7.039803
10491,7.1219115
10492,6.894557
10493,6.619292
10494,8.059728
10495,6.6262107
10496,7.2149115
10497,7.044476
10498,13.14358
10499,6.522782
10500,5.8052344
10501,6.191146
10502,5.729793
10503,5.4321675
10504,5.323498
10505,5.670008
10506,5.5797524
10507,8.726246
10508,5.880126
10509,6.765965
10510,6.634272
10511,6.3072443
10512,6.216739
10513,6.453354
10514,6.148123
10515,6.908254
10516,6.2093024
10517,5.898928
10518,6.1007643
10519,11.406021
10520,7.1988
10521,9.234469
10522,8.207239
10523,8.662348
10524,9.258881
10525,10.01278
10526,7.351622
10527,10.072569
10528,12.740443
10529,10.613246
10530,8.657784
10531,13.840189
10532,8.304368
10533,6.489975
10534,5.9973154
10535,7.883359
10536,6.9998927
10537,8.212514
10538,8.555413
10539,6.2428513
10540,6.2386336
10541,7.8220663
10542,6.124999
10543,6.7371645
10544,6.5678387
10545,7.2562695
10546,7.6821985
10547,7.7073803
10548,7.961796
10549,7.47719
10550,6.440856
10551,6.53927
10552,6.9829717
10553,7.3391857
10554,9.072284
10555,10.453484
10556,6.7804995
10557,6.9059343
10558,6.8657293
10559,6.767997
10560,6.9520316
10561,6.229174
10562,6.043361
10563,7.0802402
10564,6.052118
10565,13.399712
10566,6.8162155
10567,5.908497
10568,5.819373
10569,5.5626307
10570,5.547015
10571,5.379245
10572,10.283657
10573,11.977111
10574,6.880153
10575,7.9415307
10576,6.3597484
10577,5.8379545
10578,12.191657
10579,6.5494843
10580,8.650952
10581,6.37394
10582,10.783169
10583,6.4175334
10584,13.516784
10585,6.578655
10586,5.9691257
10587,5.669756
10588,5.673346
10589,7.274794
10590,9.19084
10591,6.588677
10592,5.6349454
10593,5.603335
10594,5.352627
10595,5.2645535
10596,9.904037
10597,5.8602395
10598,12.202711
10599,13.880108
10600,6.1078076
10601,5.8226495
10602,13.4506445
10603,13.813144
10604,14.218403
10605,6.9274163
10606,6.3469906
10607,7.9912305
10608,10.261121
10609,6.4697223
10610,13.657308
10611,7.158447
10612,6.159648
10613,5.8652163
10614,6.2411695
10615,6.258845
10616,5.6225243
10617,12.617174
10618,6.2273903
10619,5.856206
10620,5.6464114
10621,5.300941
10622,7.460213
10623,8.447048
10624,5.6052437
10625,5.2908845
10626,5.3024993
10627,5.1338596
10628,5.1661315
10629,5.0799885
10630,4.92497
10631,4.9389386
10632,5.053371
10633,5.1124344
10634,6.2518992
10635,6.458238
10636,7.604583
10637,8.584794
10638,8.060084
10639,13.958774
10640,10.461781
10641,8.283929
10642,6.354299
10643,6.370362
10644,6.001693
10645,8.850035
10646,5.9851184
10647,9.301595
10648,13.724171
10649,14.050941
10650,14.141981
10651,14.22089
10652,11.497396
10653,14.276239
10654,14.314803
10655,14.28565
10656,14.335573
10657,14.288865
10658,14.33658
10659,9.835897
10660,13.556051
10661,14.313203
10662,14.263342
10663,14.33354
10664,14.236895
10665,8.130838
10666,6.81244
10667,6.717039
10668,6.509429
10669,14.201758
10670,7.332636
10671,6.512569
10672,6.9806447
10673,6.5767817
10674,13.963217
10675,10.008373
10676,6.505915
10677,14.219909
10678,13.385051
10679,6.618137
10680,13.953661
10681,13.39576
10682,14.312673
10683,14.316707
10684,14.258897
10685,8.305183
10686,14.1422825
10687,13.889741
10688,14.017475
10689,14.289455
10690,14.020609
10691,14.315176
10692,14.284128
10693,14.332365
10694,14.303307
10695,14.353427
10696,14.259724
10697,14.334715
10698,9.931483
10699,14.273664
10700,14.339258
10701,13.801698
10702,14.016386
10703,14.307964
10704,14.163416
10705,14.206874
10706,10.102225
10707,12.853329
10708,14.304714
10709,12.816052
10710,8.592501
10711,7.615866
10712,7.3657756
10713,11.826371
10714,13.8281355
10715,7.726864
10716,8.3204155
10717,10.873855
10718,13.605395
10719,8.274539
10720,8.912891
10721,14.265533
10722,13.958338
10723,14.088747
10724,11.892282
10725,14.290626
10726,13.99539
10727,9.207831
10728,7.1828785
10729,7.2230773
10730,10.813271
10731,6.775043
10732,6.5659966
10733,9.894695
10734,7.307969
10735,8.27475
10736,7.414761
10737,11.130453
10738,14.167533
10739,14.017675
10740,10.2624235
10741,13.220868
10742,7.7249374
10743,7.469822
10744,9.796472
10745,8.57382
10746,14.214518
10747,14.304962
10748,14.208284
10749,14.080122
10750,13.920759
10751,12.779093
10752,14.290426
10753,12.247295
10754,8.107597
10755,7.100171
10756,8.53084
10757,8.307619
10758,7.3611155
10759,14.221276
10760,8.828629
10761,7.097826
10762,9.637745
10763,7.043531
10764,12.178017
10765,8.874217
10766,11.098582
10767,14.201386
10768,14.131549
10769,14.162162
10770,13.512656
10771,14.003371
10772,8.7100935
10773,14.206252
10774,13.964291
10775,13.103709
10776,13.793934
10777,12.688135
10778,9.177395
10779,13.20187
10780,11.344517
10781,13.1214075
10782,14.164917
10783,14.197325
10784,13.348969
10785,12.752895
10786,14.289633
10787,14.198784
10788,13.327526
10789,11.991345
10790,14.06179
10791,13.026532
10792,13.993404
10793,14.1348
10794,12.128159
10795,14.172892
10796,10.70069
10797,10.39819
10798,10.693081
10799,7.2614093
10800,9.604432
10801,7.950276
10802,7.998166
10803,9.0022955
10804,9.0953865
10805,9.610996
10806,13.842507
10807,14.048805
10808,14.280697
10809,14.228891
10810,8.280397
10811,10.015369
10812,14.209619
10813,14.292835
10814,8.389011
10815,8.706827
10816,10.296712
10817,13.841049
10818,8.665421
10819,6.9848638
10820,13.028965
10821,9.67573
10822,14.099493
10823,14.315273
10824,14.233053
10825,13.817837
10826,14.331068
10827,13.151957
10828,14.111673
10829,13.703603
10830,13.2788
10831,13.854408
10832,14.075607
10833,13.372812
10834,14.198896
10835,7.626182
10836,6.961498
10837,6.825921
10838,13.105113
10839,14.181152
10840,14.286257
10841,14.334646
10842,11.568355
10843,7.30409
10844,6.942432
10845,13.70198
10846,13.187992
10847,8.592556
10848,11.179627
10849,9.801558
10850,14.083883
10851,13.753383
10852,14.048236
10853,13.874286
10854,10.569871
10855,8.897624
10856,12.828336
10857,13.271832
10858,9.056699
10859,14.220716
10860,11.520241
10861,14.31926
10862,14.323857
10863,14.264449
10864,14.340468
10865,14.330332
10866,14.331365
10867,11.498648
10868,13.901427
10869,7.9538665
10870,14.035942
10871,10.022357
10872,14.28477
10873,8.567948
10874,7.0466795
10875,12.782058
10876,8.29335
10877,7.4513984
10878,6.9105453
10879,14.089509
10880,7.6346493
10881,7.2974
10882,9.43575
10883,14.265965
10884,10.568605
10885,7.008811
10886,8.356249
10887,13.745951
10888,14.184687
10889,14.30491
10890,8.530069
10891,7.187796
10892,6.9500856
10893,6.424297
10894,13.688825
10895,7.797954
10896,14.0712805
10897,14.09005
10898,8.108762
10899,14.110705
10900,7.319082
10901,6.7547107
10902,6.399742
10903,6.3033156
10904,6.2500486
10905,14.261989
10906,7.2289433
10907,7.5324955
10908,13.656221
10909,7.4716773
10910,9.8669
10911,9.259068
10912,9.749208
10913,7.489295
10914,8.24331
10915,7.2274113
10916,13.025497
10917,7.8051243
10918,8.147694
10919,14.199384
10920,13.02809
10921,13.853889
10922,9.351905
10923,7.768166
10924,8.494644
10925,13.844831
10926,13.796157
10927,14.309727
10928,12.53019
10929,9.518999
10930,13.794029
10931,11.578483
10932,14.037338
10933,13.920732
10934,7.620238
10935,7.288167
10936,11.156211
10937,8.532886
10938,14.061837
10939,13.336117
10940,7.485227
10941,9.608306
10942,12.550488
10943,14.262116
10944,9.136146
10945,7.02114
10946,6.616481
10947,10.553599
10948,9.853471
10949,14.24413
10950,7.3892026
10951,7.6149225
10952,7.5496554
10953,13.435347
10954,8.073124
10955,6.9746757
10956,6.226813
10957,6.214448
10958,6.184611
10959,7.8549623
10960,6.5804434
10961,13.228468
10962,13.633699
10963,13.836423
10964,14.284486
10965,14.328585
10966,8.7476
10967,14.073046
10968,14.310017
10969,9.4498
10970,12.400168
10971,13.060243
10972,14.261091
10973,14.288396
10974,14.321656
10975,14.340109
10976,14.333002
10977,9.525386
10978,7.728101
10979,14.192679
10980,12.638088
10981,7.3987126
10982,6.9044967
10983,7.246872
10984,6.7565312
10985,13.716348
10986,14.176706
10987,14.26597
10988,8.46649
10989,7.304915
10990,13.284722
10991,14.144237
10992,14.340036
10993,14.16482
10994,9.351887
10995,14.027457
10996,14.014932
10997,7.4007072
10998,8.489152
10999,6.64888
11000,8.467197
11001,9.729212
11002,13.810524
11003,8.83334
11004,7.1972923
11005,6.5239835
11006,14.224287
11007,14.181605
11008,14.316758
11009,14.322208
11010,13.342344
11011,7.7950044
11012,8.358761
11013,8.649013
11014,7.1276937
11015,6.7379704
11016,7.7494745
11017,13.808739
11018,14.273247
11019,8.575499
11020,14.198249
11021,13.586621
11022,7.9639897
11023,9.923431
11024,9.4207
11025,11.761702
11026,14.018881
11027,12.643592
11028,9.017869
11029,14.052802
11030,7.376841
11031,14.163772
11032,14.334697
11033,14.27832
11034,14.04718
11035,14.286531
11036,14.324456
11037,13.420448
11038,7.122976
11039,9.640324
11040,14.144719
11041,10.430194
11042,13.511766
11043,14.230852
11044,14.3152275
11045,14.295742
11046,14.268018
11047,14.342265
11048,14.323958
11049,14.170141
11050,9.816595
11051,14.296491
11052,14.295979
11053,14.32478
11054,14.317417
11055,13.938926
11056,9.403336
11057,14.2936
11058,13.631549
11059,10.869423
11060,14.299828
11061,12.381495
11062,8.926386
11063,9.647612
11064,14.291457
11065,9.827379
11066,8.523659
11067,8.302231
11068,7.2851496
11069,6.9820166
11070,6.8137836
11071,7.0617146
11072,6.821178
11073,6.8196583
11074,13.832645
11075,14.216253
11076,14.294079
11077,8.072557
11078,14.252157
11079,14.213133
11080,14.275938
11081,9.106742
11082,11.963099
11083,14.2575445
11084,14.335547
11085,14.304765
11086,14.270582
11087,9.230209
11088,14.00819
11089,7.3881326
11090,14.207142
11091,14.33143
11092,13.133505
11093,7.4728713
11094,6.9379907
11095,6.8545537
11096,10.152472
11097,14.216663
11098,7.581476
11099,14.100905
11100,14.007475
11101,14.329903
11102,14.293377
11103,14.248521
11104,14.333987
11105,14.295046
11106,14.220482
11107,14.305602
11108,14.315571
11109,10.469375
11110,14.1706705
11111,10.485456
11112,14.310132
11113,9.587638
11114,14.206475
11115,14.313778
11116,14.32522
11117,14.349425
11118,14.3013315
11119,14.293909
11120,14.313762
11121,14.255406
11122,8.3526535
11123,9.039168
11124,7.490166
11125,14.272314
11126,9.076272
11127,10.798136
11128,9.397616
11129,12.3152895
11130,12.015037
11131,12.618196
11132,10.921899
11133,13.213152
11134,14.087047
11135,8.082095
11136,7.2404294
11137,12.829288
11138,14.127222
11139,13.535265
11140,9.237284
11141,12.298639
11142,14.0600605
11143,14.3179865
11144,14.28176
11145,14.348209
11146,14.314669
11147,14.119982
11148,9.776305
11149,13.632017
11150,9.428907
11151,8.20089
11152,14.103965
11153,7.73997
11154,14.274036
11155,14.333956
11156,9.199549
11157,7.5113397
11158,7.4317636
11159,6.9376717
11160,6.6787214
11161,9.045675
11162,9.910898
11163,7.8499784
11164,6.7013597
11165,6.503494
11166,6.326158
11167,6.4446344
11168,6.170943
11169,5.858078
11170,5.978175
11171,5.8055096
11172,5.7265334
11173,8.2587185
11174,6.2166533
11175,12.996129
11176,12.858967
11177,7.3789635
11178,8.310467
11179,9.76714
11180,13.800313
11181,7.284092
11182,11.004772
11183,14.148639
11184,7.655587
11185,6.8522196
11186,14.0949545
11187,14.2390785
11188,14.261828
11189,14.223181
11190,12.153976
11191,7.6516256
11192,13.62033
11193,14.067679
11194,14.29204
11195,9.623994
11196,6.956382
11197,6.407664
11198,14.130989
11199,8.737382
11200,7.502134
11201,7.6925697
11202,14.2442255
11203,10.544342
11204,6.6252007
11205,10.597618
11206,14.167939
11207,7.060195
11208,6.525627
11209,8.365583
11210,7.7302313
11211,7.17213
11212,7.697251
11213,10.916648
11214,9.24095
11215,8.71613
11216,6.7834983
11217,14.150486
11218,14.128972
11219,11.929853
11220,7.9360433
11221,14.219729
11222,12.621936
11223,10.647346
11224,14.054914
11225,8.529126
11226,12.712732
11227,13.612902
11228,14.043988
11229,7.3417287
11230,14.05961
11231,14.318835
11232,14.331757
11233,14.294489
11234,7.652013
11235,12.594067
11236,13.422508
11237,10.685485
11238,6.9526954
11239,10.785068
11240,11.744949
11241,14.149821
11242,13.99649
11243,13.982239
11244,7.9077096
11245,10.400509
11246,7.2109847
11247,7.098323
11248,6.6951537
11249,9.099459
11250,12.83023
11251,7.2795305
11252,6.5658236
11253,6.3813505
11254,8.227814
11255,7.809165
11256,6.6432114
11257,14.039576
11258,14.299786
11259,8.463546
11260,10.3764305
11261,7.8957086
11262,6.9507256
11263,6.356111
11264,6.1288323
11265,6.2223263
11266,6.36152
11267,5.652222
11268,6.5333514
11269,6.214972
11270,5.982069
11271,11.231872
11272,9.332409
11273,12.217946
11274,7.722162
11275,14.108483
11276,14.310528
11277,7.1920834
11278,14.031973
11279,14.104708
11280,10.715315
11281,9.246358
11282,9.9751005
11283,7.869967
11284,7.538349
11285,6.2066507
11286,10.638123
11287,7.121294
11288,14.060124
11289,14.247437
11290,7.078463
11291,7.080121
11292,6.339721
11293,6.1098285
11294,5.92754
11295,5.692728
11296,5.7838864
11297,5.630417
11298,7.345357
11299,12.369386
11300,10.3907795
11301,13.7572
11302,7.0719714
11303,9.871591
11304,13.462683
11305,14.149714
11306,9.034681
11307,6.5554395
11308,10.7247925
11309,14.274777
11310,7.934587
11311,6.4519315
11312,13.458099
11313,14.271232
11314,14.135582
11315,14.272376
11316,13.959251
11317,8.428145
11318,6.5257697
11319,6.4166694
11320,13.761724
11321,6.8272643
11322,14.125166
11323,6.9806285
11324,6.4763055
11325,13.098536
11326,10.788718
11327,6.8613124
11328,6.3921814
11329,9.334417
11330,6.3338823
11331,7.792014
11332,13.978772
11333,7.802225
11334,8.763737
11335,8.927453
11336,14.067141
11337,14.1716175
11338,14.297063
11339,14.315998
11340,14.2908
11341,14.276537
11342,14.323143
11343,10.999668
11344,14.273415
11345,13.643603
11346,10.117353
11347,14.295191
11348,14.207299
11349,14.231166
11350,14.304837
11351,14.069678
11352,14.173241
11353,14.331909
11354,12.928254
11355,14.2747755
11356,14.3274555
11357,14.315806
11358,14.26865
11359,14.342035
11360,14.319161
11361,14.3308525
11362,14.27177
11363,14.164868
11364,14.348053
11365,14.264744
11366,9.11652
11367,14.040581
11368,8.342207
11369,14.076633
11370,14.251148
11371,10.309848
11372,14.309856
11373,14.06552
11374,7.413627
11375,10.294495
11376,10.031694
11377,14.049354
11378,14.212994
11379,14.233152
11380,14.205299
11381,14.336359
11382,14.238049
11383,14.2709875
11384,14.304341
11385,14.304671
11386,14.342174
11387,14.279055
11388,14.217063
11389,14.141861
11390,14.145727
11391,14.329349
11392,14.268291
11393,14.25961
11394,14.319162
11395,14.121906
11396,13.919321
11397,9.354403
11398,12.799388
11399,7.475239
11400,13.662411
11401,13.966121
11402,7.94053
11403,12.907829
11404,9.6233
11405,7.8905964
11406,11.70563
11407,12.754486
11408,14.0105915
11409,11.194259
11410,7.3547626
11411,8.73019
11412,11.147635
11413,7.116016
11414,7.648342
11415,6.940232
11416,14.061638
11417,14.24019
11418,13.603135
11419,11.732287
11420,8.658072
11421,7.104784
11422,14.122701
11423,14.2636795
11424,14.236273
11425,14.339552
11426,11.971001
11427,14.314905
11428,14.346557
11429,14.24605
11430,14.318506
11431,14.2324
11432,12.134767
11433,8.227638
11434,14.280145
11435,14.283709
11436,12.605975
11437,14.319498
11438,14.169861
11439,12.505025
11440,12.428755
11441,14.03347
11442,14.2918825
11443,14.296236
11444,14.2798
11445,14.31988
11446,14.311403
11447,14.306717
11448,14.338976
11449,14.353366
11450,14.346535
11451,14.351009
11452,14.339324
11453,14.3196125
11454,14.059004
11455,14.265902
11456,14.348507
11457,14.243997
11458,9.720824
11459,11.096734
11460,13.39899
11461,14.351346
11462,14.035933
11463,13.863941
11464,14.279835
11465,14.136804
11466,14.303134
11467,14.340158
11468,14.352732
11469,14.353815
11470,9.495269
11471,14.22046
11472,14.345332
11473,14.3400545
11474,14.160073
11475,14.256165
11476,14.178995
11477,11.737777
11478,14.209974
11479,14.206411
11480,14.303836
11481,14.301177
11482,14.127267
11483,14.052794
11484,14.33445
11485,14.312421
11486,14.308645
11487,14.353281
11488,14.304774
11489,14.335522
11490,10.584055
11491,14.300059
11492,14.330802
11493,9.958414
11494,8.1633
11495,14.241676
11496,7.9824023
11497,7.561944
11498,7.2088037
11499,7.139468
11500,7.185994
11501,10.185931
11502,8.30703
11503,13.393748
11504,7.7743893
11505,9.891441
11506,13.014311
11507,9.48532
11508,14.045559
11509,7.505217
11510,13.879957
11511,13.104439
11512,7.8000536
11513,6.8927555
11514,6.713019
11515,11.45874
11516,14.278827
11517,14.262704
11518,7.703059
11519,8.8852
11520,7.1038218
11521,6.8363576
11522,14.237686
11523,12.103347
11524,13.728029
11525,14.310734
11526,8.5873165
11527,14.1108885
11528,9.059008
11529,6.901965
11530,6.6021557
11531,6.482342
11532,13.981549
11533,14.198065
11534,7.355635
11535,6.6111784
11536,6.5542808
11537,7.5964727
11538,8.900195
11539,14.027445
11540,7.509143
11541,7.3078747
11542,12.810781
11543,6.806294
11544,13.283502
11545,7.133845
11546,14.057059
11547,8.976877
11548,14.279437
11549,7.934979
11550,14.126453
11551,6.9321356
11552,12.11392
11553,14.276281
11554,14.174682
11555,14.228866
11556,14.183019
11557,14.23334
11558,14.273107
11559,14.33759
11560,14.253619
11561,14.322084
11562,14.3132305
11563,14.339181
11564,14.306485
11565,8.803913
11566,10.122396
11567,11.383879
11568,7.6642394
11569,11.96879
11570,14.165241
11571,14.210147
11572,11.037642
11573,6.867046
11574,13.873527
11575,14.263993
11576,14.316763
11577,10.6152
11578,14.016956
11579,7.828431
11580,14.244886
11581,8.528701
11582,7.5518937
11583,14.325662
11584,7.749461
11585,7.416037
11586,7.0041857
11587,6.750922
11588,12.874062
11589,14.185242
11590,14.23639
11591,14.284366
11592,13.642636
11593,14.25335
11594,11.157228
11595,7.4579616
11596,14.104135
11597,9.961837
11598,6.8407493
11599,9.486073
11600,7.036562
11601,13.977462
11602,7.2631836
11603,6.6534657
11604,6.6318936
11605,13.958053
11606,8.429873
11607,7.0456386
11608,12.160236
11609,14.229898
11610,14.2638
11611,14.11116
11612,14.201386
11613,14.254052
11614,14.326205
11615,7.5282116
11616,7.110893
11617,9.906199
11618,7.168488
11619,6.5884132
11620,6.3488555
11621,6.8217955
11622,6.6079636
11623,6.1387157
11624,6.0808406
11625,9.802068
11626,12.919234
11627,14.2984085
11628,14.152583
11629,14.286679
11630,14.327843
11631,14.231048
11632,14.316736
11633,14.196814
11634,14.277247
11635,14.307774
11636,14.213149
11637,13.657064
11638,14.18342
11639,14.235131
11640,14.320013
11641,7.816355
11642,6.9891715
11643,7.5199385
11644,6.967083
11645,12.507232
11646,14.180969
11647,14.307703
11648,10.484165
11649,8.277414
11650,10.566083
11651,7.397935
11652,14.016077
11653,7.0562468
11654,8.083434
11655,7.7685947
11656,13.872316
11657,13.260754
11658,13.899177
11659,14.242521
11660,14.296056
11661,13.626171
11662,14.296709
11663,13.941569
11664,8.064066
11665,14.07465
11666,9.42222
11667,13.950762
11668,11.8171425
11669,8.460903
11670,9.68704
11671,14.243231
11672,14.195871
11673,14.193725
11674,13.906835
11675,13.830063
11676,13.381151
11677,7.0823665
11678,8.301464
11679,9.067028
11680,13.937857
11681,14.302897
11682,13.949692
11683,8.866088
11684,14.156932
11685,12.270811
11686,14.262558
11687,14.170329
11688,14.01918
11689,13.493097
11690,13.910841
11691,14.28787
11692,13.703632
11693,14.31587
11694,14.149743
11695,14.267704
11696,14.351002
11697,14.332953
11698,14.154055
11699,14.335114
11700,10.570375
11701,14.164944
11702,8.107506
11703,9.144126
11704,14.249803
11705,14.203597
11706,9.252974
11707,9.742129
11708,14.071838
11709,13.327575
11710,14.213275
11711,13.86597
11712,14.2969675
11713,14.125181
11714,14.2635
11715,14.336116
11716,11.079692
11717,8.520561
11718,7.3439894
11719,14.180217
11720,8.239005
11721,13.8441105
11722,14.14758
11723,14.325054
11724,14.337012
11725,9.516895
11726,14.185861
11727,14.322204
11728,10.738351
11729,14.307492
11730,14.091398
11731,14.260493
11732,10.095755
11733,7.126917
11734,13.700497
11735,14.322499
11736,7.795031
11737,14.234199
11738,11.475438
11739,9.492527
11740,14.184407
11741,7.444265
11742,14.129134
11743,7.9679494
11744,7.854667
11745,14.170392
11746,14.299458
11747,14.278857
11748,11.861328
11749,14.259829
11750,14.175588
11751,14.323202
11752,14.320045
11753,14.35652
11754,14.270464
11755,14.331551
11756,14.330418
11757,14.321934
11758,14.341333
11759,14.208734
11760,14.358866
11761,14.338396
11762,14.33406
11763,14.347084
11764,14.357741
11765,13.161174
11766,9.418814
11767,10.944371
11768,12.111041
11769,14.17543
11770,14.3094015
11771,14.229629
11772,14.304992
11773,14.315976
11774,10.166689
11775,7.92502
11776,7.501071
11777,7.1026864
11778,13.851394
11779,8.268597
11780,9.227844
11781,6.9689913
11782,13.876287
11783,13.800734
11784,8.278049
11785,12.731823
11786,14.277517
11787,14.080991
11788,9.14267
11789,8.536373
11790,13.987394
11791,13.923571
11792,11.35499
11793,14.315989
11794,12.728492
11795,14.260695
11796,10.042068
11797,7.528085
11798,14.284699
11799,9.603466
11800,11.802037
11801,14.189566
11802,8.496264
11803,14.204079
11804,14.306597
11805,7.53444
11806,14.277632
11807,8.2161255
11808,13.13699
11809,14.110229
11810,14.200569
11811,9.481112
11812,7.1895037
11813,12.906213
11814,11.079258
11815,11.704225
11816,14.1209
11817,9.049385
11818,9.602854
11819,14.030428
11820,7.4465485
11821,10.510794
11822,7.962641
11823,9.15567
11824,7.443504
11825,7.869747
11826,10.557531
11827,13.959992
11828,13.272472
11829,14.095854
11830,14.3169155
11831,14.2849
11832,14.09213
11833,10.3948145
11834,14.172898
11835,9.66396
11836,11.019486
11837,8.019718
11838,9.506885
11839,14.075743
11840,13.934479
11841,11.24057
11842,14.277826
11843,14.097608
11844,7.4644203
11845,14.159053
11846,14.006596
11847,14.227211
11848,12.49335
11849,7.3628325
11850,6.895634
11851,6.9512696
11852,6.693109
11853,6.547455
11854,14.097214
11855,6.8924327
11856,6.6958437
11857,6.407939
11858,6.2059903
11859,6.2419887
11860,5.897876
11861,6.049071
11862,5.7004676
11863,5.7355638
11864,8.261095
11865,14.199731
11866,14.231009
11867,14.187044
11868,13.988048
11869,8.097072
11870,14.19253
11871,14.285123
11872,14.286816
11873,14.225477
11874,8.634967
11875,12.136063
11876,7.281849
11877,13.627396
11878,14.184039
11879,14.308461
11880,14.304603
11881,7.9984713
11882,6.9431953
11883,11.168585
11884,7.3218093
11885,6.6467543
11886,6.4196587
11887,6.2561255
11888,6.1716075
11889,6.9978023
11890,6.259722
11891,11.162556
11892,6.565415
11893,6.278503
11894,6.743595
11895,8.211113
11896,9.35095
11897,12.481832
11898,14.182109
11899,14.3115
11900,14.305799
11901,8.829198
11902,7.0071526
11903,13.122928
11904,14.302486
11905,14.32269
11906,8.6172285
11907,9.930127
11908,14.162287
11909,13.677137
11910,14.159245
11911,9.677684
11912,14.123229
11913,14.138413
11914,14.231923
11915,13.772459
11916,7.863814
11917,11.351456
11918,7.9727597
11919,7.580723
11920,9.830383
11921,14.243295
11922,7.8137774
11923,6.7875013
11924,13.632717
11925,14.151334
11926,14.285768
11927,13.582674
11928,14.264157
11929,14.286119
11930,14.114939
11931,7.3723016
11932,14.227234
11933,12.815698
11934,8.412347
11935,6.8463826
11936,7.010144
11937,14.2172575
11938,13.903832
11939,6.843832
11940,9.697494
11941,7.44341
11942,6.487798
11943,6.365272
11944,6.1275625
11945,12.511038
11946,6.936521
11947,10.4199915
11948,7.4911904
11949,13.894587
11950,14.119458
11951,14.259592
11952,14.175975
11953,14.2897005
11954,14.320014
11955,14.284109
11956,14.289054
11957,14.305294
11958,14.319493
11959,14.330008
11960,14.33032
11961,14.1110935
11962,14.277912
11963,10.226085
11964,14.049073
11965,14.282402
11966,14.315973
11967,9.079084
11968,13.729459
11969,8.429722
11970,14.214931
11971,14.317601
11972,8.1952915
11973,8.004161
11974,13.4543705
11975,14.28328
11976,14.33154
11977,14.290357
11978,8.855616
11979,14.297364
11980,7.895822
11981,7.3344464
11982,13.876971
11983,13.980729
11984,12.877889
11985,7.6476636
11986,7.1915016
11987,11.089357
11988,13.6194105
11989,7.006268
11990,14.177963
11991,14.29614
11992,14.340496
11993,10.129568
11994,7.4095826
11995,14.2879305
11996,14.298508
11997,8.189534
11998,14.264015
11999,14.306088
12000,9.862565
12001,13.365846
12002,7.0327997
12003,13.669025
12004,9.025288
12005,6.9989567
12006,6.762435
12007,6.7598605
12008,13.431081
12009,7.6929684
12010,6.8085303
12011,6.534885
12012,10.049557
12013,7.12397
12014,6.6176815
12015,13.560489
12016,14.12903
12017,7.7968082
12018,10.151735
12019,11.929564
12020,6.987373
12021,11.009079
12022,6.8346157
12023,9.3416
12024,10.022682
12025,10.246723
12026,12.857826
12027,14.162958
12028,7.438922
12029,14.059394
12030,10.193372
12031,7.3850627
12032,7.2344794
12033,6.292926
12034,7.543719
12035,6.558175
12036,6.436395
12037,6.217083
12038,5.9913464
12039,6.5920553
12040,6.512021
12041,6.2900763
12042,11.40096
12043,6.588636
12044,5.858544
12045,6.7053337
12046,6.5261526
12047,8.685957
12048,14.192301
12049,14.158266
12050,9.100805
12051,8.835861
12052,10.33023
12053,8.574484
12054,7.85588
12055,8.639573
12056,7.796556
12057,11.080813
12058,13.921075
12059,12.508009
12060,12.582997
12061,7.862724
12062,13.75197
12063,8.170795
12064,6.3371477
12065,12.973701
12066,12.198745
12067,6.8813925
12068,13.833768
12069,14.084649
12070,8.292906
12071,6.5844545
12072,8.315788
12073,8.031185
12074,11.200298
12075,9.644966
12076,13.376824
12077,8.263675
12078,6.6529055
12079,13.813229
12080,8.076548
12081,6.7737026
12082,6.32847
12083,6.1120234
12084,6.893042
12085,6.285147
12086,13.798582
12087,6.86436
12088,6.2105265
12089,6.4462996
12090,9.027635
12091,6.7578135
12092,9.301865
12093,14.093473
12094,6.868491
12095,14.127823
12096,6.9567623
12097,6.278667
12098,6.2347555
12099,11.444674
12100,14.038916
12101,7.2875056
12102,13.762119
12103,9.715729
12104,7.7019134
12105,8.430438
12106,12.921755
12107,6.736548
12108,13.81301
12109,7.2090096
12110,6.3690333
12111,7.431833
12112,6.535992
12113,6.2771416
12114,5.8277426
12115,12.115425
12116,13.910065
12117,14.157258
12118,13.765187
12119,8.804509
12120,6.3391647
12121,6.2270083
12122,6.228555
12123,6.458069
12124,14.049941
12125,14.032901
12126,14.324624
12127,8.038873
12128,6.5539236
12129,6.374341
12130,6.2098384
12131,5.904414
12132,9.303643
12133,14.115341
12134,6.9100957
12135,6.949975
12136,6.204982
12137,10.444291
12138,7.1250024
12139,6.521626
12140,5.969194
12141,5.923651
12142,7.8519545
12143,8.405667
12144,6.282115
12145,12.915679
12146,6.936246
12147,5.873627
12148,10.699953
12149,6.706194
12150,6.3361454
12151,13.146471
12152,6.381493
12153,9.471412
12154,7.340331
12155,6.2856846
12156,5.996201
12157,12.463356
12158,7.1001377
12159,7.651628
12160,5.8312216
12161,8.8242235
12162,6.3205347
12163,6.39016
12164,5.993602
12165,5.530966
12166,5.699568
12167,5.2579317
12168,8.490355
12169,13.970546
12170,13.613815
12171,9.093593
12172,6.789578
12173,13.447935
12174,6.6953998
12175,12.312667
12176,13.5017605
12177,14.081274
12178,13.633127
12179,14.190977
12180,13.417161
12181,14.2975645
12182,14.324454
12183,14.218334
12184,14.2668915
12185,8.103262
12186,14.001634
12187,10.844576
12188,10.69212
12189,12.75143
12190,13.5150385
12191,12.072439
12192,14.167354
12193,10.20416
12194,13.656489
12195,13.926001
12196,12.138915
12197,13.834373
12198,7.990817
12199,6.6842446
12200,10.928874
12201,7.246626
12202,14.079378
12203,10.750163
12204,7.2468038
12205,6.478959
12206,14.125905
12207,10.9472065
12208,7.9292808
12209,7.7716017
12210,13.916537
12211,7.487627
12212,14.256609
12213,14.252017
12214,9.411855
12215,12.731314
12216,13.834674
12217,8.314498
12218,13.532728
12219,14.242647
12220,13.155275
12221,14.331706
12222,8.97648
12223,7.3254514
12224,10.741521
12225,12.5379715
12226,12.390441
12227,7.7449455
12228,7.31001
12229,6.8321896
12230,13.068436
12231,7.8906083
12232,8.696593
12233,7.186308
12234,12.922528
12235,7.036445
12236,8.309463
12237,13.584309
12238,6.730751
12239,8.505613
12240,10.663995
12241,10.157472
12242,12.963125
12243,8.682791
12244,7.440104
12245,10.842653
12246,11.112268
12247,12.758449
12248,8.8338785
12249,7.214596
12250,9.271686
12251,6.666536
12252,9.677087
12253,13.597644
12254,11.533826
12255,6.9392843
12256,11.307927
12257,7.218811
12258,13.999369
12259,14.226866
12260,7.794845
12261,6.730777
12262,13.723614
12263,14.293833
12264,13.569799
12265,7.5691853
12266,6.5838466
12267,7.006499
12268,10.806008
12269,6.747353
12270,6.4802275
12271,6.2236147
12272,6.1387053
12273,11.097963
12274,14.07217
12275,14.286457
12276,14.141262
12277,11.741888
12278,7.436361
12279,7.0282474
12280,6.413356
12281,6.209861
12282,7.878189
12283,14.047114
12284,13.769046
12285,14.273114
12286,14.217134
12287,14.213868
12288,14.25488
12289,11.672329
12290,13.988703
12291,11.1435995
12292,7.287363
12293,6.6510434
12294,13.545089
12295,14.119906
12296,7.472089
12297,7.1912284
12298,6.4148235
12299,6.513788
12300,6.3186297
12301,6.2822404
12302,6.181179
12303,6.1302567
12304,6.7758913
12305,6.2547636
12306,6.056205
12307,5.8639903
12308,5.577655
12309,8.046705
12310,6.2174177
12311,9.1129055
12312,14.222156
12313,7.317622
12314,6.1755104
12315,6.0030093
12316,5.8945556
12317,5.804721
12318,6.8819795
12319,6.0024395
12320,5.7312846
12321,5.62262
12322,5.5613174
12323,5.448388
12324,5.5596876
12325,5.3492174
12326,5.0675282
12327,4.9633026
12328,5.008931
12329,4.713872
12330,4.7017493
12331,4.7669415
12332,8.997255
12333,6.112262
12334,8.185928
12335,7.5877666
12336,8.050579
12337,6.2186446
12338,5.414565
12339,5.157282
12340,5.0893316
12341,5.0510206
12342,5.126955
12343,4.998797
12344,4.77483
12345,7.678358
12346,9.381859
12347,7.3196077
12348,5.8609853
12349,5.3070245
12350,5.0864143
12351,12.0418005
12352,8.852514
12353,5.629309
12354,5.1563497
12355,5.0124855
12356,5.1340065
12357,5.256416
12358,5.042016
12359,8.616279
12360,11.9238405
12361,5.7436943
12362,5.417448
12363,5.644551
12364,5.7901225
12365,5.6279993
12366,5.315392
12367,5.285591
12368,11.782699
12369,14.1922865
12370,6.594952
12371,5.76571
12372,11.0769
12373,13.703114
12374,6.093528
12375,5.7519145
12376,7.9797235
12377,14.161414
12378,6.4600606
12379,5.751944
12380,5.4173727
12381,5.342379
12382,5.290287
12383,5.201554
12384,5.18611
12385,5.207166
12386,4.7542853
12387,4.876415
12388,8.808716
12389,6.1309566
12390,14.069703
12391,5.8719187
12392,5.603957
12393,13.933246
12394,14.131277
12395,6.4667387
12396,6.279951
12397,5.7320065
12398,5.5066805
12399,5.400478
12400,5.1253996
12401,12.194525
12402,14.207848
12403,7.400823
12404,8.047819
12405,6.096032
12406,13.013834
12407,13.243965
12408,11.0570345
12409,13.5429535
12410,13.572203
12411,10.8577795
12412,13.469043
12413,13.973086
12414,13.362379
12415,12.2490225
12416,6.926
12417,11.14972
12418,14.152867
12419,14.241558
12420,7.694523
12421,13.383733
12422,10.976347
12423,7.1107407
12424,6.5591593
12425,7.9243174
12426,6.7504706
12427,6.846347
12428,6.0927963
12429,5.796018
12430,5.79086
12431,5.532414
12432,5.7270236
12433,7.810631
12434,6.0200243
12435,5.600347
12436,5.2966676
12437,13.706845
12438,6.2829885
12439,11.421287
12440,6.335849
12441,5.9269733
12442,5.703062
12443,5.580999
12444,5.483991
12445,9.037782
12446,6.0064096
12447,5.4515
12448,9.823401
12449,6.063902
12450,5.711102
12451,9.899489
12452,14.149317
12453,6.6093
12454,7.6657014
12455,6.5756507
12456,6.011338
12457,10.416163
12458,7.97522
12459,13.285121
12460,6.5969224
12461,14.050274
12462,6.8522162
12463,12.046154
12464,6.395346
12465,5.9315114
12466,9.060682
12467,9.422742
12468,7.3493776
12469,6.119478
12470,6.244226
12471,6.297297
12472,13.066668
12473,7.998416
12474,13.836894
12475,14.142483
12476,7.8899617
12477,10.015736
12478,8.617811
12479,6.1723256
12480,9.219008
12481,13.108712
12482,14.233244
12483,14.054968
12484,6.6472826
12485,6.3122635
12486,14.141125
12487,6.759417
12488,6.2772307
12489,5.801007
12490,5.9487467
12491,5.7128725
12492,13.968254
12493,7.2035336
12494,14.243669
12495,14.166298
12496,14.184293
12497,14.236204
12498,14.227295
12499,7.429742
12500,6.4834886
12501,13.991401
12502,14.241905
12503,14.1128645
12504,9.567757
12505,13.766133
12506,14.142723
12507,7.650799
12508,6.962393
12509,12.592231
12510,8.209495
12511,14.169457
12512,7.984455
12513,6.7808504
12514,13.690389
12515,6.780425
12516,7.9552655
12517,8.968799
12518,7.041341
12519,6.4735622
12520,12.005595
12521,13.698021
12522,7.7524867
12523,13.286423
12524,6.886787
12525,14.110586
12526,13.737456
12527,14.2370205
12528,7.4660897
12529,6.910243
12530,13.888451
12531,14.285281
12532,8.650664
12533,13.704533
12534,13.817594
12535,8.127173
12536,13.878715
12537,6.8871417
12538,11.34027
12539,10.313734
12540,11.602784
12541,7.181775
12542,10.093316
12543,9.346907
12544,9.039
12545,13.157472
12546,12.767849
12547,14.277343
12548,6.933989
12549,8.625988
12550,7.2347965
12551,6.841971
12552,6.4783535
12553,13.761454
12554,14.217121
12555,7.432083
12556,6.8080144
12557,7.8223224
12558,7.309211
12559,9.487827
12560,14.214712
12561,7.4049487
12562,7.259427
12563,6.250665
12564,6.543846
12565,5.99095
12566,9.76346
12567,12.201712
12568,6.7295747
12569,6.9223785
12570,10.648433
12571,13.850362
12572,6.9456534
12573,7.3798103
12574,6.4858365
12575,12.217511
12576,12.1660185
12577,14.01173
12578,14.264536
12579,7.2623653
12580,13.82974
12581,12.793475
12582,9.817973
12583,6.972818
12584,6.8417664
12585,6.475511
12586,6.5229716
12587,6.315851
12588,9.596891
12589,10.776546
12590,14.289918
12591,14.271581
12592,11.281127
12593,7.7054205
12594,7.1349154
12595,6.370433
12596,7.2596374
12597,9.562162
12598,7.4463973
12599,6.307196
12600,6.179868
12601,12.770119
12602,6.502609
12603,7.5179944
12604,14.272201
12605,13.0323715
12606,10.899552
12607,13.273603
12608,10.473881
12609,14.223472
12610,14.261076
12611,14.065499
12612,13.740132
12613,7.7627106
12614,7.9723015
12615,14.22174
12616,9.413376
12617,6.9945083
12618,6.4293733
12619,7.493282
12620,9.582683
12621,6.500404
12622,10.429253
12623,14.135815
12624,14.314674
12625,11.901719
12626,14.003704
12627,14.284486
12628,14.314928
12629,14.267442
12630,14.273768
12631,14.324841
12632,14.295207
12633,14.224005
12634,14.296283
12635,14.338991
12636,14.227961
12637,14.296196
12638,14.275609
12639,14.32672
12640,14.293657
12641,9.245152
12642,13.857507
12643,14.24936
12644,8.691226
12645,14.296387
12646,14.260318
12647,14.189511
12648,14.332102
12649,11.597101
12650,14.283786
12651,14.32205
12652,14.166257
12653,8.989085
12654,14.216944
12655,13.762796
12656,14.238265
12657,13.626052
12658,13.925575
12659,14.345046
12660,14.215688
12661,14.178338
12662,14.044764
12663,14.1917305
12664,14.334342
12665,13.216983
12666,8.49683
12667,9.608242
12668,14.31221
12669,14.294086
12670,9.09931
12671,7.49157
12672,14.098522
12673,8.224314
12674,14.050869
12675,14.139275
12676,14.214015
12677,14.324585
12678,7.8698387
12679,7.3637514
12680,7.5074396
12681,7.2263684
12682,9.722453
12683,7.70463
12684,7.8953614
12685,8.364031
12686,7.09418
12687,6.9959555
12688,6.747329
12689,6.7004094
12690,6.5925364
12691,6.1885166
12692,6.26308
12693,6.2789207
12694,6.2862554
12695,6.208979
12696,8.173551
12697,6.6061068
12698,11.825012
12699,9.286026
12700,10.918848
12701,14.276727
12702,13.882006
12703,14.213269
12704,6.8459315
12705,10.660473
12706,14.137065
12707,8.52443
12708,6.7744875
12709,13.908669
12710,13.747315
12711,14.216966
12712,14.322226
12713,7.82704
12714,13.138037
12715,14.283619
12716,14.314077
12717,14.253801
12718,14.263084
12719,8.9323015
12720,14.199097
12721,14.278072
12722,7.7717166
12723,14.026536
12724,14.243064
12725,9.552983
12726,12.3875
12727,7.6355753
12728,8.225683
12729,14.285187
12730,13.756466
12731,13.592388
12732,14.30079
12733,14.344139
12734,14.277024
12735,14.321001
12736,14.305463
12737,14.339345
12738,8.718554
12739,14.077364
12740,14.328783
12741,14.114317
12742,14.331368
12743,11.154453
12744,14.291777
12745,11.291093
12746,14.179965
12747,13.665552
12748,13.013472
12749,14.163009
12750,8.964232
12751,14.225157
12752,14.038222
12753,14.353688
12754,10.445131
12755,14.32005
12756,14.311607
12757,11.134731
12758,14.288586
12759,14.104439
12760,12.037732
12761,11.031571
12762,14.115452
12763,7.970298
12764,14.279127
12765,7.8303165
12766,7.5159316
12767,14.150516
12768,14.227328
12769,10.8196945
12770,14.2462015
12771,12.82998
12772,10.242953
12773,9.470559
12774,13.751879
12775,14.249436
12776,14.270662
12777,14.34373
12778,7.9793835
12779,9.293233
12780,13.712806
12781,8.673398
12782,13.681498
12783,14.315148
12784,8.212466
12785,14.254278
12786,8.237557
12787,7.162895
12788,14.176426
12789,14.088712
12790,14.332717
12791,14.170797
12792,14.146546
12793,8.820912
12794,11.120393
12795,13.840071
12796,14.285559
12797,13.319548
12798,9.602877
12799,10.993675
12800,10.180961
12801,14.132569
12802,13.668095
12803,14.259189
12804,14.23853
12805,14.193697
12806,14.162513
12807,8.902961
12808,7.3488126
12809,13.850641
12810,13.784265
12811,14.31609
12812,14.180095
12813,8.942773
12814,7.625819
12815,9.820323
12816,11.806748
12817,7.36837
12818,6.840214
12819,9.1027155
12820,8.736211
12821,12.68898
12822,13.235655
12823,11.43192
12824,7.2278686
12825,12.439188
12826,7.7447186
12827,14.248322
12828,7.7544785
12829,12.769737
12830,7.201579
12831,6.587013
12832,14.066334
12833,14.295945
12834,7.877466
12835,7.1317625
12836,9.380984
12837,6.9587555
12838,6.591685
12839,7.2391524
12840,6.8523545
12841,6.40059
12842,13.152829
12843,14.193942
12844,7.3077164
12845,6.7706027
12846,12.998343
12847,14.263739
12848,14.295155
12849,14.208271
12850,14.293055
12851,13.617822
12852,7.233003
12853,6.9694304
12854,6.516223
12855,7.2601004
12856,6.528683
12857,6.2391315
12858,6.232925
12859,9.602727
12860,6.580447
12861,6.634733
12862,6.4357204
12863,12.087782
12864,6.4639177
12865,5.9760985
12866,6.0525646
12867,5.7574153
12868,9.52259
12869,9.824482
12870,6.9857802
12871,13.186942
12872,11.922179
12873,9.386654
12874,12.6291275
12875,6.6965275
12876,7.0150156
12877,6.0320706
12878,5.795227
12879,9.368285
12880,7.7689734
12881,6.070976
12882,5.847043
12883,9.793505
12884,14.163376
12885,14.268818
12886,7.960143
12887,12.353018
12888,13.575895
12889,14.018605
12890,14.308635
12891,7.2222853
12892,7.259721
12893,6.3622203
12894,8.473127
12895,8.51036
12896,6.749433
12897,6.360265
12898,6.009849
12899,6.001925
12900,5.73837
12901,5.6697655
12902,7.654253
12903,6.3484445
12904,5.704857
12905,10.078081
12906,9.765022
12907,6.7447143
12908,11.560868
12909,6.308178
12910,6.094118
12911,8.617119
12912,11.517483
12913,6.3323045
12914,6.686417
12915,6.1066513
12916,5.845237
12917,12.896404
12918,7.0152946
12919,11.104036
12920,14.083703
12921,7.052621
12922,13.519995
12923,7.197981
12924,14.163065
12925,14.003919
12926,7.56172
12927,11.462301
12928,11.651108
12929,6.7467585
12930,6.083578
12931,5.8623276
12932,5.974624
12933,13.658229
12934,8.967163
12935,6.502985
12936,6.367046
12937,6.1850495
12938,11.186431
12939,8.138078
12940,7.8894577
12941,6.5391574
12942,7.881385
12943,6.557439
12944,8.315681
12945,6.51966
12946,5.942271
12947,6.0331907
12948,6.4301386
12949,8.408512
12950,13.988439
12951,14.190762
12952,6.9219084
12953,9.903133
12954,6.255273
12955,6.6051526
12956,5.9584866
12957,5.861808
12958,14.056392
12959,13.237531
12960,12.164363
12961,14.186104
12962,7.3677473
12963,7.958574
12964,6.5376234
12965,11.424
12966,9.732922
12967,7.217351
12968,6.1860857
12969,6.5876083
12970,7.2535095
12971,6.4706087
12972,6.1004543
12973,5.766918
12974,6.106256
12975,8.516928
12976,10.795456
12977,13.879019
12978,10.975931
12979,6.2397766
12980,6.7380886
12981,6.298737
12982,12.86554
12983,6.7510247
12984,14.134516
12985,7.014181
12986,10.487149
12987,7.401729
12988,6.2642746
12989,6.204522
12990,5.760786
12991,10.45769
12992,14.011791
12993,14.249711
12994,14.166414
12995,13.459953
12996,6.4971766
12997,11.682658
12998,13.9592495
12999,14.228455
13000,9.426431
13001,14.124245
13002,10.522333
13003,13.882016
13004,7.399162
13005,6.9163
13006,6.638876
13007,6.3643637
13008,6.5027294
13009,6.0105643
13010,11.980729
13011,9.380233
13012,6.516122
13013,6.0899167
13014,7.3069777
13015,11.055379
13016,7.8054767
13017,14.067358
13018,14.303278
13019,13.877417
13020,14.120601
13021,14.2165165
13022,14.038836
13023,12.334093
13024,6.865653
13025,14.033327
13026,14.003057
13027,9.836033
13028,6.867568
13029,9.9847765
13030,7.4974427
13031,7.122303
13032,6.2700844
13033,6.291743
13034,8.795961
13035,9.002519
13036,6.72911
13037,6.851828
13038,8.500718
13039,6.8623886
13040,14.003469
13041,13.925385
13042,14.240768
13043,13.832764
13044,14.223777
13045,7.4583635
13046,12.412741
13047,7.0333686
13048,8.519134
13049,12.598946
13050,14.139074
13051,13.87015
13052,9.3243475
13053,6.948855
13054,8.375759
13055,7.0042624
13056,6.5469537
13057,6.3402095
13058,6.355472
13059,13.566164
13060,14.239647
13061,7.1760864
13062,9.069622
13063,6.4347315
13064,6.155404
13065,9.342761
13066,7.361928
13067,6.4560328
13068,9.783007
13069,6.3463125
13070,6.058074
13071,7.8228426
13072,6.2052345
13073,9.27111
13074,6.544588
13075,6.2569027
13076,6.0829935
13077,13.453934
13078,14.18336
13079,7.854709
13080,6.297734
13081,6.1457167
13082,12.405381
13083,6.511971
13084,6.12877
13085,8.038392
13086,7.6284046
13087,6.380083
13088,6.6565704
13089,12.276231
13090,13.838275
13091,6.656322
13092,6.0295534
13093,6.2565536
13094,5.6626167
13095,5.603269
13096,5.459861
13097,5.4903293
13098,5.922118
13099,14.059846
13100,6.096625
13101,5.9568567
13102,10.930836
13103,8.874875
13104,13.238836
13105,14.094936
13106,10.616113
13107,7.105395
13108,6.0240483
13109,11.615812
13110,6.8270774
13111,13.379867
13112,9.446937
13113,6.298837
13114,7.0502925
13115,7.340756
13116,13.4791155
13117,6.5194116
13118,6.0436873
13119,12.783808
13120,7.0493
13121,5.8866043
13122,13.53953
13123,6.80708
13124,6.096707
13125,5.7903056
13126,11.5184965
13127,6.487943
13128,5.8560066
13129,8.364725
13130,6.1034203
13131,5.659975
13132,5.6060534
13133,5.365398
13134,5.88805
13135,14.005731
13136,6.228766
13137,5.9744716
13138,12.147834
13139,6.09864
13140,6.554858
13141,5.9463043
13142,7.216705
13143,6.4593387
13144,9.893453
13145,6.408874
13146,6.355787
13147,5.666678
13148,5.3658442
13149,8.456308
13150,10.223292
13151,6.6365604
13152,6.197268
13153,5.9761505
13154,8.123209
13155,6.8012915
13156,9.639039
13157,6.125406
13158,5.7203727
13159,5.840686
13160,5.6933227
13161,9.214955
13162,6.3778696
13163,13.813578
13164,6.1856937
13165,5.856749
13166,12.402651
13167,7.562923
13168,7.574839
13169,6.61822
13170,9.587007
13171,6.0703597
13172,5.827597
13173,5.5052996
13174,5.6820316
13175,6.7438216
13176,5.6223383
13177,6.009511
13178,5.3229575
13179,12.87074
13180,5.903038
13181,5.3085613
13182,5.517658
13183,5.026692
13184,6.288924
13185,11.47871
13186,7.102189
13187,13.947211
13188,8.619459
13189,6.0505486
13190,8.712103
13191,9.182883
13192,8.490265
13193,6.385548
13194,5.882299
13195,5.6459856
13196,11.019351
13197,6.156536
13198,5.733517
13199,5.5463963
13200,5.4546814
13201,6.3428855
13202,6.2521787
13203,11.4844
13204,6.3966875
13205,5.904879
13206,5.2600207
13207,5.338055
13208,5.2121406
13209,11.71865
13210,6.232183
13211,5.372257
13212,6.2469745
13213,5.420846
13214,12.152454
13215,10.218664
13216,7.7080264
13217,6.260172
13218,13.715579
13219,13.016071
13220,7.4036684
13221,6.2728734
13222,5.8164725
13223,5.720992
13224,6.4892955
13225,14.100336
13226,6.697504
13227,6.256059
13228,5.617485
13229,12.352921
13230,6.4597015
13231,5.5161386
13232,5.424631
13233,8.223962
13234,6.417872
13235,5.622116
13236,13.691292
13237,7.5785904
13238,10.65919
13239,7.965934
13240,7.167594
13241,5.781425
13242,6.935593
13243,5.9986777
13244,6.0650353
13245,6.1674356
13246,5.3021994
13247,10.795651
13248,6.1703253
13249,6.376839
13250,5.7436295
13251,6.182888
13252,13.110621
13253,6.817725
13254,9.474106
13255,13.178093
13256,6.946625
13257,5.917927
13258,10.339479
13259,9.000352
13260,13.352856
13261,6.6029615
13262,6.685684
13263,14.235306
13264,6.4005275
13265,6.828561
13266,9.519744
13267,13.410374
13268,6.8004103
13269,14.119251
13270,7.03032
13271,6.289148
13272,11.465422
13273,13.253634
13274,7.2005363
13275,13.915636
13276,7.230008
13277,6.5348372
13278,12.7415085
13279,9.748332
13280,11.691646
13281,14.158684
13282,7.679967
13283,6.3328876
13284,6.220819
13285,6.363463
13286,5.977582
13287,5.687782
13288,5.651953
13289,13.762717
13290,8.467594
13291,6.3291206
13292,11.215688
13293,7.221939
13294,6.3130455
13295,5.6147976
13296,5.8141313
13297,10.4809265
13298,12.960571
13299,6.2734547
13300,6.060878
13301,5.7091784
13302,7.569041
13303,6.091181
13304,8.844225
13305,12.419406
13306,12.127952
13307,6.4259653
13308,5.894537
13309,6.197405
13310,12.417784
13311,6.541349
13312,5.9385204
13313,7.364933
13314,6.119993
13315,6.2984834
13316,6.039319
13317,5.637268
13318,5.568362
13319,5.3320994
13320,5.2207823
13321,5.1399374
13322,5.1182437
13323,5.1058373
13324,4.7514486
13325,7.7199526
13326,5.887588
13327,5.8111224
13328,11.567871
13329,5.945418
13330,5.6771846
13331,12.420659
13332,6.2581463
13333,14.020183
13334,14.200988
13335,14.187552
13336,14.283043
13337,9.583927
13338,14.17793
13339,14.327234
13340,14.310349
13341,14.07183
13342,13.624413
13343,14.291527
13344,14.241401
13345,7.8280735
13346,7.0899143
13347,6.9878726
13348,6.3532224
13349,6.394421
13350,5.80684
13351,5.7746835
13352,5.7370415
13353,5.566492
13354,5.287061
13355,5.799285
13356,5.5288706
13357,5.367794
13358,8.167703
13359,9.586778
13360,5.8851166
13361,7.171858
13362,14.166681
13363,6.745687
13364,14.19613
13365,14.269253
13366,8.386989
13367,6.4697447
13368,6.1925073
13369,13.5582905
13370,14.289579
13371,14.258032
13372,8.362197
13373,6.870333
13374,6.654918
13375,14.058312
13376,7.1295023
13377,6.546643
13378,13.079853
13379,6.3207583
13380,6.194141
13381,13.971415
13382,7.4173574
13383,9.97359
13384,6.663701
13385,6.811971
13386,6.648477
13387,6.8124924
13388,12.775673
13389,13.935106
13390,6.864932
13391,6.483528
13392,13.98545
13393,6.735915
13394,6.4663596
13395,9.3722
13396,9.183901
13397,6.5426545
13398,8.810989
13399,10.541033
13400,7.691181
13401,6.3107433
13402,12.9897375
13403,7.1073003
13404,6.202429
13405,11.986668
13406,8.650645
13407,6.3700905
13408,13.877077
13409,10.902586
13410,6.044627
13411,6.879123
13412,6.153681
13413,10.193051
13414,7.4111776
13415,7.7528133
13416,10.882189
13417,13.401523
13418,7.602252
13419,10.790908
13420,6.5503893
13421,7.4440727
13422,13.093903
13423,6.2712803
13424,7.0117893
13425,7.57004
13426,13.184288
13427,7.157516
13428,11.672917
13429,6.736968
13430,12.206713
13431,6.454358
13432,8.946239
13433,6.2396417
13434,6.8934746
13435,14.108896
13436,7.803068
13437,12.364443
13438,14.214545
13439,14.195258
13440,13.767842
13441,14.279743
13442,14.189981
13443,14.220982
13444,14.039373
13445,13.868743
13446,11.230289
13447,6.8620725
13448,6.4347067
13449,8.60941
13450,8.597494
13451,13.627128
13452,7.987084
13453,6.686663
13454,7.2902594
13455,7.7863216
13456,11.728838
13457,6.980278
13458,6.4806447
13459,14.155052
13460,14.158684
13461,13.053706
13462,13.823196
13463,11.907467
13464,14.222882
13465,8.863465
13466,14.15984
13467,13.341513
13468,14.244212
13469,14.2615385
13470,14.202962
13471,13.375168
13472,13.721154
13473,12.021649
13474,10.97787
13475,14.329665
13476,13.7104845
13477,14.330393
13478,13.779536
13479,14.309419
13480,14.127088
13481,8.793713
13482,11.371125
13483,7.9017534
13484,7.588318
13485,8.251091
13486,13.514081
13487,7.335078
13488,14.28641
13489,14.240759
13490,8.080673
13491,6.887654
13492,6.8600125
13493,6.860493
13494,6.681879
13495,6.595708
13496,13.087074
13497,14.300365
13498,14.305055
13499,8.5650015
13500,11.737236
13501,7.5042524
13502,8.521248
13503,13.300854
13504,7.795103
13505,14.20788
13506,8.947406
13507,6.7603116
13508,12.119148
13509,10.9965925
13510,13.689808
13511,13.8377285
13512,13.26686
13513,14.316374
13514,14.03821
13515,10.263604
13516,14.027845
13517,13.392451
13518,7.1020565
13519,7.262393
13520,13.786354
13521,10.233943
13522,13.548195
13523,13.198299
13524,7.436899
13525,6.6258354
13526,9.1975975
13527,10.124812
13528,10.373509
13529,10.641191
13530,13.8712
13531,14.098905
13532,9.851568
13533,12.740548
13534,12.683808
13535,13.672137
13536,14.315179
13537,13.618507
13538,14.180921
13539,14.318383
13540,13.58938
13541,14.281369
13542,13.9358015
13543,14.301167
13544,14.292733
13545,14.23955
13546,14.301935
13547,14.3143015
13548,12.615302
13549,13.676683
13550,14.081968
13551,11.13209
13552,11.593731
13553,14.328973
13554,11.660867
13555,12.342532
13556,14.152384
13557,14.171579
13558,14.172578
13559,13.883419
13560,13.872542
13561,14.219995
13562,13.996846
13563,13.044895
13564,14.167038
13565,14.224513
13566,13.984525
13567,14.089352
13568,11.163213
13569,14.269045
13570,14.175894
13571,14.002565
13572,14.044593
13573,10.47877
13574,9.990006
13575,9.944427
13576,7.360747
13577,9.805233
13578,7.6752386
13579,10.335718
13580,14.16431
13581,10.349353
13582,10.094693
13583,7.4755774
13584,6.955984
13585,6.6030765
13586,6.7341557
13587,7.119033
13588,6.561884
13589,11.7387085
13590,7.0437756
13591,6.5929418
13592,11.2757
13593,6.893981
13594,7.898494
13595,14.002409
13596,14.188225
13597,9.439379
13598,13.286877
13599,9.27762
13600,8.534188
13601,8.521935
13602,7.9403186
13603,9.276102
13604,9.615194
13605,6.9642982
13606,6.46565
13607,8.579277
13608,7.5739336
13609,7.6078033
13610,10.466584
13611,6.7542143
13612,6.507844
13613,7.775163
13614,8.150893
13615,10.8725195
13616,9.162844
13617,7.6700954
13618,13.349114
13619,10.044458
13620,9.236254
13621,12.64551
13622,14.14985
13623,14.08949
13624,11.622456
13625,7.3184075
13626,14.10697
13627,14.014913
13628,7.59157
13629,14.114371
13630,7.622655
13631,12.253781
13632,7.097116
13633,13.787593
13634,7.296628
13635,13.652256
13636,14.066871
13637,7.008694
13638,6.706816
13639,9.340647
13640,13.152682
13641,6.905034
13642,6.6460505
13643,10.414236
13644,7.564171
13645,9.56719
13646,11.187033
13647,14.143459
13648,14.1566305
13649,11.925076
13650,13.259837
13651,14.292943
13652,9.240018
13653,7.177953
13654,6.6850057
13655,8.427177
13656,7.111147
13657,8.962801
13658,6.726923
13659,6.789437
13660,11.939953
13661,10.545477
13662,13.429413
13663,10.429214
13664,14.265838
13665,10.279132
13666,14.239056
13667,14.077322
13668,14.164638
13669,13.830633
13670,14.011574
13671,14.224839
13672,8.009988
13673,14.277622
13674,10.670572
13675,6.930801
13676,14.003306
13677,7.711012
13678,9.786451
13679,13.832213
13680,12.115794
13681,10.057367
13682,10.380334
13683,6.8836613
13684,13.605719
13685,7.1211123
13686,9.624436
13687,10.814543
13688,12.932075
13689,9.248143
13690,8.037089
13691,6.5588675
13692,6.59814
13693,12.836594
13694,8.304667
13695,9.253991
13696,11.220423
13697,10.120808
13698,9.2117405
13699,10.269621
13700,13.619859
13701,11.258919
13702,12.174413
13703,10.6755085
13704,14.237315
13705,14.124902
13706,13.488725
13707,13.367238
13708,13.692326
13709,8.540583
13710,9.829245
13711,7.4399242
13712,9.747741
13713,13.656206
13714,14.299088
13715,14.288265
13716,13.629927
13717,14.211585
13718,13.638274
13719,13.6933155
13720,14.062687
13721,14.152901
13722,14.217569
13723,14.035295
13724,11.380104
13725,10.516621
13726,12.790816
13727,10.735395
13728,12.340523
13729,13.377959
13730,13.5606
13731,13.643511
13732,13.454016
13733,13.20845
13734,14.022347
13735,13.120061
13736,13.784141
13737,14.245327
13738,14.116812
13739,14.127629
13740,10.690645
13741,7.2825904
13742,14.160711
13743,14.25992
13744,13.548962
13745,14.227906
13746,8.436353
13747,14.218563
13748,8.2183
13749,6.973732
13750,6.860506
13751,6.77468
13752,6.630589
13753,8.305555
13754,6.925534
13755,7.290844
13756,6.7798634
13757,6.3709497
13758,6.326406
13759,6.1272936
13760,8.318757
13761,6.7310395
13762,12.673748
13763,7.425635
13764,7.186659
13765,6.583255
13766,7.0591416
13767,11.206409
13768,14.101711
13769,14.315828
13770,10.549477
13771,14.044388
13772,13.1382
13773,8.1319475
13774,8.655806
13775,10.359479
13776,13.711895
13777,13.737186
13778,10.952884
13779,14.123367
13780,13.277407
13781,13.768774
13782,14.287806
13783,8.244118
13784,6.978634
13785,6.5846376
13786,7.498341
13787,10.044447
13788,12.933618
13789,6.7296042
13790,6.3646483
13791,10.568357
13792,7.3780622
13793,8.138964
13794,7.3325133
13795,9.822287
13796,6.7864547
13797,13.915253
13798,7.1592426
13799,8.186188
13800,14.247857
13801,13.363369
13802,14.285433
13803,9.781319
13804,6.863359
13805,12.275475
13806,14.226507
13807,7.2123265
13808,6.8804393
13809,9.660761
13810,6.8927493
13811,8.6116495
13812,14.144909
13813,14.131286
13814,10.432337
13815,14.273872
13816,7.661703
13817,6.9688
13818,6.686448
13819,13.7323265
13820,12.215246
13821,14.31833
13822,7.615567
13823,13.287546
13824,14.281753
13825,14.329592
13826,10.938289
13827,7.0195513
13828,14.01245
13829,7.125893
13830,6.863997
13831,9.984052
13832,7.3397217
13833,6.5295944
13834,10.363054
13835,14.233382
13836,9.885076
13837,7.2425485
13838,6.668079
13839,13.834567
13840,14.070512
13841,6.7824664
13842,6.3695645
13843,13.8817425
13844,13.638317
13845,13.524187
13846,14.258589
13847,14.094914
13848,8.347817
13849,7.6314025
13850,13.793646
13851,14.185371
13852,14.332438
13853,14.202486
13854,14.28892
13855,14.331068
13856,14.34132
13857,8.172487
13858,9.293707
13859,14.160865
13860,14.222882
13861,14.28325
13862,14.33866
13863,14.309328
13864,14.322392
13865,14.312662
13866,14.245309
13867,14.263129
13868,14.308842
13869,14.328133
13870,14.30625
13871,14.209037
13872,11.333451
13873,7.402193
13874,14.110618
13875,14.19363
13876,14.34061
13877,14.330307
13878,13.142235
13879,14.249106
13880,14.346681
13881,14.337212
13882,14.353041
13883,14.2768755
13884,14.353469
13885,14.361015
13886,14.34624
13887,14.333763
13888,12.95152
13889,9.448599
13890,14.336638
13891,8.910451
13892,8.019939
13893,14.322152
13894,9.054232
13895,14.066766
13896,8.172694
13897,7.097307
13898,7.191561
13899,14.064493
13900,13.758555
13901,8.46029
13902,14.231815
13903,8.258587
13904,14.314517
13905,7.907348
13906,13.405711
13907,14.211416
13908,14.336386
13909,14.279263
13910,14.351302
13911,11.238032
13912,7.468151
13913,13.078065
13914,13.750664
13915,13.71235
13916,7.3696175
13917,7.1177645
13918,14.185047
13919,14.327342
13920,10.591187
13921,14.223476
13922,7.4051237
13923,7.9645367
13924,7.4349456
13925,7.7533116
13926,14.277822
13927,14.0844555
13928,7.527076
13929,7.2622237
13930,13.624457
13931,9.353793
13932,7.2288527
13933,7.6619577
13934,7.6988087
13935,6.7496862
13936,6.686936
13937,6.7970247
13938,8.361174
13939,6.8602996
13940,8.125458
13941,6.6905775
13942,6.5164375
13943,12.29394
13944,13.316473
13945,14.180945
13946,13.864365
13947,14.061148
13948,8.52089
13949,13.4045515
13950,6.9321513
13951,7.3217907
13952,6.6565084
13953,12.024657
13954,14.142956
13955,14.181573
13956,14.198643
13957,14.301697
13958,14.234521
13959,14.243239
13960,14.206216
13961,13.916552
13962,14.138213
13963,14.324627
13964,14.335363
13965,14.115346
13966,14.285039
13967,14.126253
13968,13.9946785
13969,14.214074
13970,14.114372
13971,14.240693
13972,14.237251
13973,14.3183775
13974,14.282646
13975,14.288861
13976,14.0568
13977,14.154436
13978,14.22934
13979,14.330571
13980,14.316828
13981,14.206024
13982,14.3401575
13983,14.3088665
13984,14.295409
13985,14.31634
13986,14.353958
13987,14.34031
13988,14.2978945
13989,14.343931
13990,14.251544
13991,14.263639
13992,14.115953
13993,14.182653
13994,14.234775
13995,14.13451
13996,14.3198805
13997,14.351246
13998,13.534804
13999,13.172216
14000,14.218017
14001,14.283517
14002,14.326425
14003,14.337196
14004,14.13216
14005,14.348632
14006,14.137247
14007,7.9131656
14008,7.505391
14009,13.310175
14010,14.313321
14011,14.30576
14012,14.305784
14013,14.351837
14014,14.347364
14015,14.1477375
14016,14.3307705
14017,14.339477
14018,14.34411
14019,14.332198
14020,14.344046
14021,14.342451
14022,14.352018
14023,14.360856
14024,14.31843
14025,14.347891
14026,14.284936
14027,14.248891
14028,14.180185
14029,14.293207
14030,14.319464
14031,14.02599
14032,14.3361435
14033,14.278442
14034,9.620725
14035,14.257311
14036,14.263253
14037,14.250633
14038,14.250225
14039,9.185952
14040,14.268477
14041,14.016526
14042,14.2503395
14043,9.374333
14044,14.302546
14045,14.321882
14046,10.4674225
14047,14.060347
14048,8.080714
14049,14.243094
14050,8.761275
14051,8.073711
14052,8.349716
14053,14.221453
14054,14.153229
14055,13.414997
14056,14.209249
14057,13.771662
14058,14.326908
14059,7.9906616
14060,14.278496
14061,13.388806
14062,14.319824
14063,12.343132
14064,7.489518
14065,13.986793
14066,14.322275
14067,14.273796
14068,14.293329
14069,14.325916
14070,14.2605
14071,10.102507
14072,7.55534
14073,7.7086334
14074,7.278982
14075,7.069284
14076,12.075524
14077,10.370409
14078,14.25345
14079,14.248117
14080,14.263292
14081,14.219383
14082,9.0793915
14083,7.515681
14084,14.246521
14085,14.143106
14086,14.250947
14087,14.07573
14088,14.317798
14089,14.316718
14090,14.28516
14091,14.347522
14092,14.3527975
14093,14.164907
14094,14.274983
14095,14.337826
14096,14.351894
14097,11.185203
14098,14.215364
14099,14.3108635
14100,14.3518715
14101,14.359511
14102,14.345913
14103,11.942199
14104,14.26646
14105,9.361187
14106,14.280709
14107,14.299605
14108,11.868895
14109,14.251011
14110,14.188949
14111,9.549157
14112,13.934859
14113,13.993776
14114,14.311227
14115,12.42573
14116,11.889503
14117,14.329913
14118,9.259767
14119,8.698507
14120,7.2911067
14121,13.569647
14122,14.204741
14123,8.871999
14124,7.7376056
14125,14.333231
14126,8.789451
14127,10.167185
14128,7.4569798
14129,13.702654
14130,11.070541
14131,8.539554
14132,13.52603
14133,14.320874
14134,11.147979
14135,7.760229
14136,13.251357
14137,8.450086
14138,11.292784
14139,12.0000105
14140,8.836942
14141,10.147745
14142,10.297032
14143,7.466092
14144,12.863176
14145,14.32577
14146,14.203153
14147,9.152604
14148,14.198457
14149,8.137228
14150,13.416565
14151,13.979061
14152,11.57726
14153,9.715675
14154,7.003562
14155,7.198678
14156,12.745749
14157,7.4601088
14158,13.825079
14159,14.312908
14160,14.117527
14161,13.8265295
14162,13.745875
14163,7.9633884
14164,6.996299
14165,6.81147
14166,13.8707485
14167,7.8059688
14168,6.5022874
14169,7.7881274
14170,7.1396084
14171,9.475165
14172,7.128525
14173,6.3162303
14174,7.739385
14175,6.584749
14176,6.110991
14177,9.910172
14178,14.214322
14179,14.1967745
14180,7.4381437
14181,13.563652
14182,8.741887
14183,13.304243
14184,14.017872
14185,14.13684
14186,9.38777
14187,12.6487665
14188,14.154358
14189,14.311349
14190,14.227521
14191,7.2815256
14192,8.098937
14193,7.096374
14194,6.725404
14195,14.021358
14196,13.849035
14197,14.311218
14198,13.944952
14199,14.122994
14200,8.304438
14201,14.139631
14202,14.089512
14203,14.2252655
14204,8.157342
14205,14.222871
14206,7.218308
14207,6.6586633
14208,6.576454
14209,6.67839
14210,6.4104624
14211,9.741375
14212,6.775446
14213,6.3398433
14214,13.98555
14215,7.045133
14216,6.6141505
14217,13.066557
14218,14.281201
14219,7.817158
14220,13.988519
14221,7.1812882
14222,14.249413
14223,11.035109
14224,6.504789
14225,13.754927
14226,7.6443048
14227,11.04129
14228,14.199378
14229,14.140466
14230,12.768979
14231,14.223398
14232,14.165128
14233,14.286011
14234,14.344852
14235,14.326756
14236,12.690831
14237,11.786182
14238,14.260608
14239,14.080308
14240,14.088727
14241,14.022494
14242,14.272656
14243,13.976069
14244,14.254185
14245,14.25529
14246,14.007765
14247,13.696828
14248,14.2078905
14249,13.931432
14250,13.145962
14251,14.147745
14252,13.870227
14253,8.531149
14254,7.24517
14255,7.9049196
14256,13.833166
14257,7.0400734
14258,14.245136
14259,14.28018
14260,7.395083
14261,7.4379134
14262,11.994417
14263,13.927339
14264,7.8430448
14265,8.869493
14266,7.0651994
14267,14.007164
14268,11.509665
14269,9.171284
14270,7.181237
14271,14.246889
14272,14.330254
14273,14.250234
14274,8.695227
14275,14.245796
14276,14.319222
14277,13.497907
14278,14.340229
14279,8.681707
14280,7.536891
14281,14.207904
14282,8.145505
14283,13.143608
14284,14.326346
14285,8.199764
14286,7.285563
14287,14.227906
14288,7.9324903
14289,14.146192
14290,8.435653
14291,6.995743
14292,14.161406
14293,14.292848
14294,13.718272
14295,14.152101
14296,14.331526
14297,14.339581
14298,9.7359085
14299,7.3597746
14300,14.100223
14301,11.442538
14302,14.08028
14303,14.296209
14304,14.273608
14305,9.966108
14306,7.9476666
14307,6.7768116
14308,6.794251
14309,6.9951143
14310,7.531262
14311,8.426482
14312,14.05073
14313,10.332667
14314,7.1600504
14315,6.7311215
14316,14.118159
14317,13.950166
14318,14.167235
14319,14.306257
14320,14.264608
14321,7.6451826
14322,7.0932016
14323,11.96053
14324,7.0177317
14325,6.7195725
14326,9.46423
14327,11.972623
14328,14.181565
14329,13.809174
14330,14.152792
14331,14.329141
14332,8.2074995
14333,13.050874
14334,14.209603
14335,7.4644547
14336,7.38813
14337,7.017324
14338,6.492624
14339,6.302088
14340,6.9435787
14341,13.909099
14342,7.604468
14343,7.3967967
14344,13.153666
14345,14.220447
14346,12.098782
14347,7.4569397
14348,6.492509
14349,6.4816065
14350,14.068469
14351,7.04823
14352,10.94422
14353,13.634456
14354,7.1855526
14355,6.3598466
14356,6.5840087
14357,6.740402
14358,10.539408
14359,14.095889
14360,7.9555163
14361,14.14641
14362,12.151996
14363,6.9347477
14364,6.4572406
14365,6.375323
14366,12.556583
14367,8.739982
14368,6.3189874
14369,6.19061
14370,7.8707576
14371,7.5572395
14372,13.230991
14373,11.945413
14374,8.007799
14375,6.338824
14376,9.769065
14377,14.262643
14378,7.9634404
14379,6.472327
14380,13.041876
14381,6.818907
14382,6.338426
14383,6.2870927
14384,10.40872
14385,6.7231083
14386,9.2032585
14387,6.4994445
14388,6.1504755
14389,6.0196967
14390,6.6226273
14391,6.2320323
14392,5.9416065
14393,5.514044
14394,6.551616
14395,5.9644203
14396,5.6998277
14397,12.946951
14398,6.0634837
14399,13.915859
14400,12.298196
14401,7.78264
14402,6.255574
14403,11.468836
14404,6.197386
14405,6.00778
14406,5.6607895
14407,8.836273
14408,6.1872296
14409,5.772094
14410,6.018336
14411,5.373229
14412,5.326907
14413,5.8406744
14414,5.5466475
14415,5.2907395
14416,5.1403365
14417,4.9875607
14418,8.918024
14419,6.009084
14420,5.302926
14421,7.890196
14422,6.075752
14423,14.109957
14424,6.3892336
14425,5.562257
14426,5.4513726
14427,5.359113
14428,6.4054713
14429,8.556232
14430,6.0975814
14431,8.9589405
14432,5.9542646
14433,5.719766
14434,5.406876
14435,5.1551433
14436,9.014693
14437,14.05943
14438,6.092039
14439,8.878031
14440,6.2627473
14441,14.099467
14442,6.3065753
14443,7.3579917
14444,14.163847
14445,6.6763225
14446,5.823372
14447,5.6972046
14448,8.230415
14449,5.964148
14450,7.879824
14451,13.700377
14452,7.68019
14453,5.778326
14454,11.996228
14455,14.194782
14456,14.268384
14457,14.309271
14458,14.276902
14459,8.38818
14460,7.3491287
14461,6.2293825
14462,14.139976
14463,14.155425
14464,13.661088
14465,14.219285
14466,7.9629407
14467,14.273878
14468,10.859328
14469,6.786592
14470,14.160851
14471,7.1295757
14472,10.176569
14473,7.5907974
14474,12.867471
14475,7.058836
14476,6.4150114
14477,12.93595
14478,14.309819
14479,9.632475
14480,13.766244
14481,14.272524
14482,14.322278
14483,14.271041
14484,14.239907
14485,14.203527
14486,14.202748
14487,7.966835
14488,14.060883
14489,14.183955
14490,14.176681
14491,14.309534
14492,9.232815
14493,14.065385
14494,14.327176
14495,14.286307
14496,10.025371
14497,7.845155
14498,14.128353
14499,14.22732
14500,14.081336
14501,14.320534
14502,13.9343605
14503,7.635379
14504,7.129114
14505,7.2038026
14506,6.9752464
14507,6.7551346
14508,7.207853
14509,14.056663
14510,13.755734
14511,8.85191
14512,6.7506323
14513,9.146613
14514,14.193147
14515,14.3129425
14516,14.280054
14517,14.259527
14518,8.28586
14519,7.09898
14520,6.7503643
14521,14.023677
14522,8.158026
14523,6.7999725
14524,6.714995
14525,6.5548973
14526,6.255223
14527,8.864978
14528,14.168848
14529,8.931684
14530,10.205919
14531,13.952789
14532,14.318226
14533,12.559911
14534,7.4945135
14535,6.9560966
14536,12.153339
14537,14.148494
14538,8.111822
14539,7.07042
14540,6.561918
14541,6.488734
14542,7.7125406
14543,7.195904
14544,8.834499
14545,13.527948
14546,7.0365906
14547,6.7353106
14548,6.6322765
14549,6.336156
14550,6.0214624
14551,5.9402266
14552,13.210163
14553,6.596811
14554,6.1872473
14555,9.6495905
14556,10.404117
14557,8.482481
14558,14.214734
14559,10.219799
14560,13.676411
14561,13.992565
14562,12.33037
14563,7.0036397
14564,13.729661
14565,7.9960427
14566,6.9599237
14567,11.969657
14568,14.25737
14569,8.792846
14570,7.4458995
14571,14.008493
14572,6.9009147
14573,6.5259166
14574,14.097998
14575,7.6138663
14576,8.506681
14577,7.149938
14578,6.322579
14579,6.088899
14580,8.041727
14581,13.692989
14582,14.135766
14583,7.4971194
14584,6.282308
14585,6.333687
14586,6.1605797
14587,5.9209695
14588,11.271382
14589,7.4272337
14590,7.3516936
14591,6.3841834
14592,6.1162267
14593,12.020843
14594,6.398764
14595,6.120096
14596,12.320673
14597,14.1206875
14598,14.29127
14599,7.8612795
14600,6.3791723
14601,7.584655
14602,8.602268
14603,6.088258
14604,5.8368936
14605,10.524948
14606,6.162326
14607,5.8100977
14608,5.597443
14609,9.309465
14610,7.998257
14611,6.938607
14612,6.109173
14613,5.8541584
14614,13.542571
14615,7.060111
14616,12.7881565
14617,6.898414
14618,6.316517
14619,5.8682313
14620,5.6273727
14621,12.45007
14622,6.301237
14623,5.7111797
14624,5.732607
14625,6.8933516
14626,7.7010922
14627,14.08276
14628,6.376843
14629,6.178333
14630,5.7358456
14631,13.301968
14632,14.254736
14633,6.619298
14634,13.825586
14635,14.307205
14636,7.62221
14637,13.896229
14638,14.243101
14639,7.372833
14640,7.5796
14641,9.263915
14642,9.728661
14643,7.0868015
14644,6.9463983
14645,6.3851805
14646,13.950267
14647,13.84266
14648,6.611913
14649,6.264918
14650,5.949688
14651,5.9508047
14652,5.9947524
14653,7.8077903
14654,13.985815
14655,7.008584
14656,6.1719127
14657,13.724507
14658,6.9350743
14659,12.896875
14660,10.933833
14661,6.490712
14662,6.3064427
14663,13.705282
14664,14.115871
14665,14.329667
14666,8.057616
14667,10.54357
14668,9.11292
14669,13.91535
14670,13.682654
14671,14.287297
14672,14.298225
14673,14.06034
14674,13.885828
14675,14.2761755
14676,14.31464
14677,12.169433
14678,14.254003
14679,8.266534
14680,14.28419
14681,9.176964
14682,14.254381
14683,14.191143
14684,14.1352825
14685,14.317982
14686,13.863257
14687,14.24545
14688,14.334137
14689,14.313301
14690,14.351185
14691,14.361262
14692,9.853028
14693,8.976459
14694,7.110733
14695,14.213602
14696,14.33128
14697,14.332163
14698,14.297689
14699,10.986949
14700,13.500015
14701,12.151238
14702,12.68243
14703,7.888315
14704,14.299888
14705,7.517094
14706,14.302801
14707,8.887543
14708,14.230045
14709,8.131368
14710,7.209335
14711,7.16113
14712,8.949312
14713,7.789127
14714,12.196513
14715,14.116542
14716,14.192271
14717,14.153681
14718,12.55724
14719,14.292664
14720,9.029034
14721,14.318485
14722,14.300735
14723,8.870156
14724,8.462957
14725,9.427543
14726,13.483984
14727,14.199439
14728,14.321931
14729,8.970408
14730,14.215127
14731,7.693771
14732,10.844399
14733,7.637103
14734,6.952359
14735,6.811234
14736,8.649481
14737,13.168865
14738,7.1062117
14739,6.868489
14740,12.461442
14741,8.233092
14742,6.755707
14743,14.047745
14744,7.0121446
14745,7.039888
14746,6.4035964
14747,11.477031
14748,7.038792
14749,6.367608
14750,7.4454226
14751,6.7936006
14752,14.207853
14753,14.158497
14754,7.074161
14755,7.3902016
14756,7.0106153
14757,8.007943
14758,6.549901
14759,6.275102
14760,5.950032
14761,6.1358423
14762,9.974395
14763,6.9285393
14764,6.4925394
14765,12.699874
14766,10.165541
14767,12.750015
14768,6.732453
14769,6.3010077
14770,6.0271306
14771,13.520926
14772,12.686449
14773,7.881877
14774,14.171152
14775,14.230256
14776,14.316985
14777,8.48753
14778,6.7779627
14779,13.359756
14780,7.394941
14781,14.030715
14782,8.490047
14783,14.284413
14784,7.6880236
14785,8.600408
14786,7.093372
14787,13.916896
14788,6.7769313
14789,7.6609864
14790,9.337829
14791,7.3597655
14792,6.509142
14793,9.328763
14794,6.6125603
14795,7.3127327
14796,8.511702
14797,14.140237
14798,7.3251433
14799,6.167358
14800,7.363438
14801,6.304066
14802,9.402768
14803,10.279794
14804,6.7375603
14805,6.489475
14806,6.0990834
14807,8.330252
14808,6.8585234
14809,6.326346
14810,12.2508545
14811,14.226552
14812,7.307988
14813,6.611091
14814,13.929073
14815,13.796009
14816,7.6562347
14817,7.184168
14818,6.9469824
14819,6.2167063
14820,8.494891
14821,6.240952
14822,6.245391
14823,14.190454
14824,6.42042
14825,6.1219726
14826,6.039454
14827,5.847242
14828,5.6305804
14829,5.4059334
14830,5.5666175
14831,9.139436
14832,6.077233
14833,5.514512
14834,5.992252
14835,5.7394967
14836,5.6427746
14837,5.6034517
14838,6.438493
14839,5.84693
14840,5.659931
14841,5.263887
14842,5.0939665
14843,5.4646835
14844,5.5309763
14845,5.0370054
14846,4.893119
14847,4.874145
14848,4.865258
14849,4.69127
14850,4.7027445
14851,4.52496
14852,4.4287524
14853,9.236359
14854,5.6310043
14855,4.841027
14856,7.790961
14857,5.4610605
14858,5.1039686
14859,4.7666936
14860,4.6091247
14861,4.9499
14862,6.855038
14863,5.208194
14864,4.8930836
14865,6.0042725
14866,5.2982717
14867,5.008132
14868,4.7265716
14869,7.795313
14870,5.597266
14871,5.828576
14872,5.752569
14873,5.1405764
14874,5.4789095
14875,6.5310516
14876,5.2453976
14877,4.9565334
14878,9.505345
14879,5.2303877
14880,5.048533
14881,4.8418
14882,7.461833
14883,5.266943
14884,4.8895674
14885,6.1392426
14886,5.5771146
14887,12.554112
14888,5.4163594
14889,6.703467
14890,5.6681623
14891,13.9642935
14892,11.565689
14893,8.344739
14894,7.119831
14895,6.752937
14896,5.6558948
14897,5.2432094
14898,13.766218
14899,5.9192176
14900,10.1563015
14901,5.662096
14902,14.015559
14903,6.8538246
14904,8.86185
14905,9.697542
14906,9.737859
14907,6.1176076
14908,9.523017
14909,14.257569
14910,6.7781916
14911,6.596632
14912,5.7690067
14913,6.045643
14914,5.410815
14915,8.50129
14916,6.1563215
14917,5.5466094
14918,5.492706
14919,5.2199535
14920,5.292277
14921,5.132704
14922,5.1638494
14923,4.9642606
14924,4.9218326
14925,9.92623
14926,14.217342
14927,6.145749
14928,9.68801
14929,6.414082
14930,5.5953197
14931,5.482869
14932,5.205122
14933,5.224226
14934,5.072482
14935,5.0212
14936,4.9815784
14937,4.6928496
14938,7.5357766
14939,5.914535
14940,7.9454994
14941,14.088092
14942,8.244979
14943,5.7913795
14944,5.4405136
14945,5.421276
14946,14.001167
14947,14.014767
14948,6.3686576
14949,6.2973204
14950,5.4561315
14951,8.19151
14952,11.0015335
14953,6.140749
14954,5.9338517
14955,8.356077
14956,13.68003
14957,6.403804
14958,11.710571
14959,8.27081
14960,5.7764153
14961,5.6142783
14962,5.6385446
14963,5.398151
14964,5.368792
14965,5.187632
14966,5.041919
14967,4.955887
14968,4.836627
14969,4.681444
14970,5.0020556
14971,5.036039
14972,4.7817893
14973,4.5915933
14974,4.669199
14975,5.76039
14976,5.1286263
14977,4.8135943
14978,6.1632175
14979,5.4893
14980,5.034176
14981,4.792271
14982,4.7346754
14983,9.84076
14984,5.7876177
14985,5.3154683
14986,4.957547
14987,4.967766
14988,5.3886485
14989,5.2299104
14990,9.323272
14991,14.133305
14992,14.129362
14993,11.77252
14994,13.810383
14995,7.3578343
14996,6.185563
14997,5.5246515
14998,5.5024104
14999,8.03464
15000,5.4606147
15001,8.076196
15002,12.658836
15003,6.162772
15004,9.027878
15005,6.21194
15006,5.7489157
15007,6.0851965
15008,12.156829
15009,9.454605
15010,6.33785
15011,5.9723554
15012,7.7150545
15013,14.167199
15014,14.144542
15015,7.156042
15016,6.4622445
15017,6.0194736
15018,5.5197086
15019,5.7244244
15020,5.417504
15021,8.519032
15022,14.054137
15023,6.3851976
15024,5.8000154
15025,14.132903
15026,13.140058
15027,7.0032735
15028,6.1393566
15029,10.707487
15030,14.062007
15031,13.354357
15032,6.77468
15033,13.964417
15034,14.264864
15035,14.306274
15036,7.2641172
15037,6.5623913
15038,11.737053
15039,6.5835853
15040,7.274115
15041,6.9131875
15042,7.886398
15043,6.484846
15044,8.011241
15045,13.474785
15046,14.1984
15047,14.315019
15048,14.326904
15049,14.340195
15050,14.233335
15051,12.061001
15052,14.276061
15053,7.4781284
15054,12.247938
15055,7.9788203
15056,13.9290905
15057,14.244656
15058,8.201235
15059,9.897405
15060,7.254192
15061,9.762622
15062,6.8942027
15063,14.077698
15064,14.174258
15065,14.3136425
15066,8.540688
15067,6.783746
15068,7.489945
15069,6.866343
15070,13.806741
15071,6.845663
15072,7.0042095
15073,6.5131764
15074,6.0624003
15075,5.8872786
15076,5.8176923
15077,5.8094015
15078,10.761062
15079,14.165904
15080,14.058244
15081,7.4594784
15082,6.721376
15083,6.3683443
15084,6.0449476
15085,6.1021643
15086,5.8564973
15087,5.7215166
15088,5.6390367
15089,5.646332
15090,5.53411
15091,5.456931
15092,5.5677786
15093,6.8622065
15094,6.1457334
15095,5.682213
15096,5.641598
15097,5.491927
15098,5.956575
15099,5.563212
15100,5.2402062
15101,8.161299
15102,5.8613896
15103,5.8371277
15104,5.452842
15105,5.332788
15106,8.069889
15107,5.81846
15108,9.140827
15109,6.1526766
15110,9.409453
15111,6.120066
15112,5.8111415
15113,5.390432
15114,5.2992363
15115,4.9786906
15116,4.997726
15117,5.0310616
15118,4.7144585
15119,4.7273617
15120,4.515369
15121,4.6034584
15122,4.4318376
15123,4.371014
15124,4.229338
15125,4.1861773
15126,4.2371044
15127,4.4309134
15128,5.0809183
15129,5.9150014
15130,6.3396397
15131,9.72838
15132,9.757881
15133,7.1311855
15134,6.0268173
15135,14.031142
15136,6.919832
15137,5.6148868
15138,12.123496
15139,6.5199313
15140,5.5313997
15141,5.245985
15142,6.4885745
15143,5.8016434
15144,9.80962
15145,13.964939
15146,13.902273
15147,7.2351575
15148,5.759611
15149,6.411062
15150,5.564933
15151,5.3992
15152,5.0888977
15153,7.862418
15154,10.911897
15155,13.954986
15156,11.158873
15157,6.934243
15158,11.016201
15159,13.985564
15160,7.3415933
15161,9.93915
15162,6.5753584
15163,8.069401
15164,14.11703
15165,13.11182
15166,8.156759
15167,6.3011193
15168,6.1671286
15169,6.1769905
15170,6.567628
15171,6.2294836
15172,8.071395
15173,7.760588
15174,7.464359
15175,11.625948
15176,14.157672
15177,13.196858
15178,7.097808
15179,12.009812
15180,6.5509543
15181,13.3876915
15182,7.181981
15183,6.1953883
15184,7.997614
15185,6.541938
15186,8.025879
15187,6.3982334
15188,6.2803416
15189,13.920815
15190,6.509335
15191,6.123049
15192,6.015811
15193,6.084374
15194,5.8783693
15195,5.627282
15196,6.96919
15197,6.4148917
15198,5.6950393
15199,8.813699
15200,9.656307
15201,6.2013397
15202,6.1651783
15203,11.672672
15204,10.385441
15205,14.209379
15206,10.546731
15207,8.632048
15208,14.155439
15209,14.239926
15210,14.225074
15211,13.748952
15212,7.9709754
15213,6.711994
15214,6.8626223
15215,6.355465
15216,5.981189
15217,5.876369
15218,6.821225
15219,6.372013
15220,5.9503236
15221,5.5529957
15222,5.506414
15223,11.255893
15224,6.257158
15225,13.724332
15226,10.379795
15227,10.807346
15228,6.4155054
15229,6.0566764
15230,5.9594846
15231,5.6477723
15232,5.5479126
15233,5.4924974
15234,5.545302
15235,5.2709556
15236,5.3431706
15237,5.1694803
15238,8.566142
15239,13.800156
15240,6.3621974
15241,5.775341
15242,5.714549
15243,5.426905
15244,5.424375
15245,5.0018573
15246,12.976007
15247,14.172544
15248,14.218829
15249,14.252669
15250,7.154897
15251,6.2031736
15252,5.8225985
15253,5.5246563
15254,12.546679
15255,6.17859
15256,5.877617
15257,5.6308866
15258,5.4988174
15259,5.593516
15260,6.027493
15261,5.5541654
15262,5.36452
15263,5.3088923
15264,5.165605
15265,5.111946
15266,4.802882
15267,4.833507
15268,7.5724473
15269,5.4883194
15270,4.9247866
15271,7.1032505
15272,5.7027006
15273,5.1926126
15274,9.224225
15275,11.556375
15276,6.39203
15277,5.4905987
15278,5.2957325
15279,5.225066
15280,5.0942497
15281,7.3804564
15282,6.0905895
15283,13.996037
15284,13.963298
15285,6.2754655
15286,12.485312
15287,14.024428
15288,6.3007293
15289,5.600669
15290,5.4464765
15291,5.3537683
15292,5.349987
15293,5.055638
15294,7.9459724
15295,6.044228
15296,5.470341
15297,5.2440066
15298,5.102741
15299,7.224025
15300,9.035021
15301,6.3456726
15302,11.13661
15303,6.0726185
15304,11.553554
15305,14.238591
15306,13.967486
15307,14.264357
15308,14.286353
15309,10.629756
15310,14.152809
15311,14.213164
15312,14.232111
15313,14.243781
15314,14.262017
15315,14.29996
15316,14.268564
15317,14.312975
15318,11.659291
15319,7.3836536
15320,6.91237
15321,6.716391
15322,12.776651
15323,14.015058
15324,14.250022
15325,14.313429
15326,14.226349
15327,14.27825
15328,14.248295
15329,14.142404
15330,14.297377
15331,14.325872
15332,14.323453
15333,14.335617
15334,14.327667
15335,14.338667
15336,14.237282
15337,14.29641
15338,14.333353
15339,14.3258295
15340,14.3296
15341,14.347333
15342,11.706011
15343,10.398743
15344,8.366234
15345,8.23996
15346,14.092905
15347,14.319939
15348,14.330278
15349,14.334148
15350,14.350463
15351,14.331448
15352,14.320464
15353,14.325999
15354,9.84684
15355,14.062074
15356,8.168645
15357,14.137178
15358,13.985651
15359,8.226641
15360,13.653303
15361,14.221303
15362,13.602982
15363,14.21372
15364,14.249551
15365,14.255163
15366,14.326508
15367,14.3168
15368,14.27278
15369,9.837205
15370,13.951707
15371,14.271117
15372,14.339884
15373,14.347271
15374,14.340675
15375,9.146562
15376,10.956786
15377,8.724523
15378,12.433918
15379,14.285695
15380,8.259125
15381,13.633659
15382,8.185085
15383,7.4297543
15384,7.1072087
15385,12.489377
15386,7.6838927
15387,8.597983
15388,10.202165
15389,8.804162
15390,7.6244006
15391,11.315638
15392,14.240439
15393,7.5712676
15394,8.891235
15395,12.439659
15396,14.207332
15397,14.24957
15398,14.254894
15399,7.472527
15400,7.160794
15401,6.868158
15402,6.6878695
15403,6.843786
15404,14.23428
15405,14.1625395
15406,9.9836
15407,14.304466
15408,7.8020005
15409,7.787351
15410,14.130424
15411,7.965834
15412,6.9695435
15413,7.2024083
15414,6.5429335
15415,7.1682673
15416,7.870027
15417,6.8875723
15418,14.248598
15419,7.1011004
15420,12.395553
15421,7.8910217
15422,7.083363
15423,6.7290177
15424,6.8043814
15425,12.971322
15426,7.2598166
15427,7.4551606
15428,12.4682
15429,14.235247
15430,14.060988
15431,14.308821
15432,14.29094
15433,14.221557
15434,14.251957
15435,14.250889
15436,14.335491
15437,14.238575
15438,14.182378
15439,7.7917767
15440,13.184658
15441,7.390521
15442,12.043451
15443,9.595786
15444,14.31075
15445,14.17598
15446,14.059353
15447,14.139276
15448,14.304998
15449,14.300662
15450,14.234231
15451,14.345805
15452,14.286371
15453,14.241884
15454,14.233755
15455,14.235709
15456,14.168883
15457,14.319297
15458,14.296279
15459,14.301335
15460,14.307241
15461,14.322998
15462,14.340261
15463,14.296165
15464,14.341519
15465,14.326394
15466,14.287297
15467,14.276485
15468,14.311675
15469,14.256074
15470,14.172014
15471,14.316869
15472,14.271517
15473,14.300965
15474,14.333865
15475,14.292176
15476,9.311648
15477,14.242082
15478,13.83455
15479,13.798225
15480,13.514616
15481,14.029532
15482,13.978821
15483,13.944987
15484,14.176319
15485,9.902114
15486,11.364067
15487,13.349996
15488,14.040769
15489,14.175348
15490,13.441801
15491,14.077408
15492,13.789042
15493,11.751831
15494,13.814708
15495,13.838561
15496,12.039206
15497,11.586994
15498,12.812554
15499,14.160314
15500,7.936629
15501,14.305217
15502,13.957032
15503,14.029049
15504,13.901761
15505,13.590831
15506,10.711811
15507,10.480974
15508,13.374658
15509,11.245047
15510,9.674698
15511,14.17238
15512,8.1659355
15513,7.1053653
15514,12.680541
15515,7.9393277
15516,14.169077
15517,13.417643
15518,7.826227
15519,7.374793
15520,7.9423423
15521,8.439503
15522,14.136197
15523,12.2086935
15524,7.782567
15525,7.481076
15526,11.49288
15527,7.7018237
15528,13.843187
15529,7.3297033
15530,12.914089
15531,12.366222
15532,14.170543
15533,7.3587213
15534,9.760618
15535,14.030354
15536,7.0936084
15537,13.638867
15538,14.091502
15539,14.276749
15540,8.118882
15541,7.0744505
15542,10.056472
15543,7.095198
15544,7.498171
15545,6.742363
15546,6.3396635
15547,6.6461234
15548,14.115231
15549,10.235141
15550,14.224602
15551,14.146751
15552,7.67143
15553,6.773297
15554,13.888968
15555,14.220732
15556,14.002723
15557,7.43452
15558,6.6930685
15559,8.511334
15560,14.16881
15561,7.7403917
15562,9.5368805
15563,14.2745285
15564,14.29025
15565,14.268886
15566,7.475699
15567,11.538014
15568,14.191079
15569,14.308804
15570,14.265056
15571,14.324458
15572,14.334123
15573,14.338145
15574,8.136058
15575,14.340476
15576,14.341365
15577,14.306721
15578,14.315801
15579,14.334772
15580,14.312673
15581,14.34743
15582,14.287449
15583,14.2931
15584,14.319144
15585,14.316886
15586,14.320723
15587,14.339511
15588,14.340109
15589,14.359614
15590,14.28807
15591,14.32632
15592,14.329219
15593,14.355691
15594,14.345889
15595,14.346538
15596,14.323254
15597,14.342096
15598,14.338771
15599,11.416921
15600,7.4752116
15601,7.717973
15602,14.031614
15603,14.312798
15604,13.711297
15605,14.188978
15606,14.31798
15607,14.259218
15608,9.317332
15609,14.042155
15610,8.923333
15611,14.283729
15612,8.561361
15613,7.419278
15614,13.764
15615,14.062496
15616,14.247614
15617,7.917401
15618,10.96507
15619,8.185085
15620,14.2846155
15621,10.572601
15622,11.1456375
15623,13.9425125
15624,14.256134
15625,11.7705345
15626,12.528583
15627,8.160185
15628,14.29267
15629,14.303054
15630,13.38475
15631,13.18584
15632,7.905478
15633,7.284732
15634,6.8087606
15635,6.8711205
15636,6.9375715
15637,11.689084
15638,6.8089824
15639,6.639775
15640,6.5438614
15641,6.4026403
15642,6.3077903
15643,6.3608646
15644,8.235502
15645,12.346561
15646,14.062388
15647,13.667538
15648,10.249369
15649,13.872276
15650,7.4306755
15651,12.802306
15652,9.487749
15653,12.381811
15654,13.786401
15655,14.216846
15656,9.1993475
15657,9.515383
15658,7.7413416
15659,10.153393
15660,8.112872
15661,9.360338
15662,14.18235
15663,13.650813
15664,14.106256
15665,13.906527
15666,7.2281055
15667,14.090227
15668,7.654093
15669,10.362257
15670,14.289705
15671,14.216174
15672,7.4837565
15673,14.215132
15674,9.409848
15675,7.466338
15676,6.6726866
15677,7.14227
15678,8.983572
15679,8.695086
15680,6.858616
15681,14.208972
15682,14.089845
15683,8.237291
15684,8.415317
15685,6.9508214
15686,13.717295
15687,14.244195
15688,14.272814
15689,14.272959
15690,14.313619
15691,13.963422
15692,14.208495
15693,14.042738
15694,13.9850645
15695,8.60947
15696,7.582053
15697,7.193563
15698,14.092657
15699,10.784634
15700,7.334389
15701,8.414743
15702,14.059749
15703,13.339832
15704,14.322937
15705,13.699061
15706,8.088691
15707,7.230008
15708,14.075216
15709,10.537391
15710,10.904878
15711,12.237662
15712,10.066714
15713,6.7784476
15714,9.245862
15715,8.359816
15716,8.207293
15717,10.715955
15718,14.001157
15719,7.2260895
15720,7.532224
15721,9.833819
15722,7.020005
15723,8.646693
15724,13.677095
15725,14.03324
15726,14.313438
15727,14.240727
15728,8.839873
15729,7.1090784
15730,6.9218426
15731,7.798339
15732,6.735481
15733,7.4722333
15734,6.8943214
15735,6.329991
15736,11.597499
15737,10.674194
15738,14.166294
15739,7.951037
15740,6.6167083
15741,6.450916
15742,14.225195
15743,14.183977
15744,7.2082376
15745,6.7416673
15746,13.386037
15747,13.668806
15748,9.496379
15749,6.879585
15750,6.757306
15751,12.133515
15752,11.100365
15753,6.737726
15754,6.4568157
15755,6.2833285
15756,6.063199
15757,8.3020735
15758,9.711577
15759,13.382587
15760,8.7048855
15761,6.490528
15762,6.495084
15763,6.0653753
15764,13.444527
15765,9.471602
15766,13.305957
15767,13.681525
15768,14.263853
15769,14.292546
15770,14.272286
15771,9.947552
15772,14.110652
15773,14.087654
15774,14.222693
15775,14.328245
15776,14.20706
15777,14.225267
15778,7.1610847
15779,6.7962713
15780,14.161811
15781,14.321949
15782,14.307706
15783,14.344889
15784,14.346361
15785,14.346377
15786,11.335044
15787,13.496856
15788,7.59813
15789,13.938856
15790,9.048194
15791,7.4422803
15792,6.8663793
15793,6.809808
15794,9.19196
15795,13.637588
15796,14.031105
15797,9.293896
15798,7.097917
15799,6.6039023
15800,6.5382333
15801,6.4351897
15802,6.310858
15803,6.292604
15804,5.958293
15805,11.502398
15806,6.8669853
15807,6.619648
15808,6.3446918
15809,5.869707
15810,5.9502597
15811,6.25366
15812,6.2937627
15813,9.8188305
15814,6.500257
15815,6.064569
15816,5.83255
15817,5.9032707
15818,11.402368
15819,8.398095
15820,6.5695615
15821,6.9834905
15822,7.108702
15823,6.3456545
15824,13.593433
15825,6.7298975
15826,6.023784
15827,5.8887343
15828,7.193755
15829,8.617385
15830,8.375867
15831,7.8713036
15832,9.354295
15833,9.888475
15834,6.9041786
15835,6.24493
15836,5.972555
15837,5.7699957
15838,9.864107
15839,6.160417
15840,7.216415
15841,7.5385966
15842,8.029178
15843,6.4135528
15844,9.127404
15845,6.1469007
15846,5.890441
15847,6.0677323
15848,5.6703486
15849,9.278215
15850,5.978581
15851,5.562334
15852,5.564411
15853,5.2546334
15854,5.6779127
15855,6.01223
15856,5.283344
15857,5.396645
15858,4.976545
15859,4.781283
15860,4.8200035
15861,4.8245106
15862,7.257218
15863,5.215093
15864,5.5082664
15865,5.396182
15866,5.0841017
15867,4.849424
15868,8.5758095
15869,6.1507277
15870,5.901148
15871,5.5868587
15872,5.7558765
15873,5.9732103
15874,6.8326597
15875,7.3200026
15876,5.610069
15877,8.13032
15878,8.073012
15879,14.030973
15880,6.3903255
15881,6.5915256
15882,6.174685
15883,8.464877
15884,8.58631
15885,6.764915
15886,5.791585
15887,6.896365
15888,8.608169
15889,5.8607545
15890,12.802704
15891,6.1398168
15892,9.381154
15893,9.735214
15894,6.849033
15895,6.074106
15896,5.586576
15897,5.850884
15898,8.040088
15899,6.1824985
15900,5.5306087
15901,5.9914227
15902,5.8502083
15903,14.022602
15904,7.5132327
15905,14.107265
15906,13.571337
15907,12.962007
15908,13.797117
15909,14.258291
15910,14.1857
15911,14.312707
15912,14.2993
15913,14.164267
15914,14.149147
15915,14.2916565
15916,14.211925
15917,13.601715
15918,14.25316
15919,13.754918
15920,9.2857685
15921,14.282712
15922,12.164354
15923,14.12356
15924,7.2405763
15925,6.630715
15926,9.729875
15927,13.075547
15928,8.667093
15929,13.073153
15930,9.273625
15931,7.4609146
15932,13.919112
15933,11.795368
15934,13.8261
15935,14.194507
15936,8.097427
15937,7.989402
15938,7.2782655
15939,13.9386635
15940,7.5587573
15941,13.19412
15942,13.481977
15943,8.090363
15944,6.971667
15945,8.916661
15946,11.182472
15947,14.288206
15948,14.320922
15949,14.324554
15950,14.33255
15951,14.30785
15952,14.157669
15953,14.228173
15954,14.197535
15955,11.31886
15956,12.215201
15957,11.757909
15958,11.252444
15959,7.6472864
15960,7.1016273
15961,7.0782228
15962,13.827
15963,7.405239
15964,8.1241045
15965,14.021736
15966,8.017822
15967,10.66248
15968,7.271659
15969,6.733588
15970,6.8729134
15971,6.4045196
15972,11.957581
15973,12.507029
15974,8.528167
15975,9.801637
15976,14.299915
15977,13.022943
15978,12.653434
15979,13.38409
15980,13.7049465
15981,12.727032
15982,14.145219
15983,14.296986
15984,14.255194
15985,13.972296
15986,12.973093
15987,7.6333933
15988,8.911645
15989,6.973987
15990,14.125314
15991,8.545277
15992,8.240603
15993,6.6638837
15994,7.329357
15995,6.7420263
15996,6.3045707
15997,6.506991
15998,6.5509634
15999,12.928011
16000,10.476016
16001,6.990892
16002,14.023545
16003,13.355339
16004,7.385336
16005,6.9750886
16006,6.901968
16007,11.519068
16008,7.107769
16009,7.371075
16010,6.572626
16011,13.379295
16012,10.998944
16013,12.7607975
16014,7.310218
16015,7.880566
16016,7.4664435
16017,8.790748
16018,6.868849
16019,13.942499
16020,8.100875
16021,6.3894935
16022,11.907006
16023,7.0707774
16024,9.056192
16025,9.132259
16026,6.514242
16027,6.175398
16028,6.483846
16029,5.843448
16030,5.981164
16031,5.6121397
16032,6.4800706
16033,14.015723
16034,11.691217
16035,14.011925
16036,13.890341
16037,14.051369
16038,10.747725
16039,7.6423044
16040,6.858238
16041,6.6540327
16042,5.9146175
16043,5.93179
16044,13.466119
16045,8.182924
16046,10.849221
16047,7.732766
16048,10.140499
16049,6.744644
16050,6.5893884
16051,5.8683453
16052,12.678553
16053,6.5388756
16054,5.788743
16055,5.8629518
16056,5.4876623
16057,6.5026608
16058,5.9960775
16059,5.627935
16060,12.841889
16061,6.157299
16062,6.24476
16063,12.406091
16064,9.684913
16065,6.320957
16066,5.9266148
16067,6.7023163
16068,14.26376
16069,14.082897
16070,11.820398
16071,7.0128336
16072,10.191399
16073,6.517193
16074,7.0070662
16075,14.036254
16076,8.970051
16077,6.6991177
16078,6.028758
16079,5.8430333
16080,5.7475314
16081,13.124319
16082,6.3644805
16083,6.060666
16084,5.6245747
16085,5.635699
16086,5.4399962
16087,8.7950735
16088,6.207412
16089,6.4851036
16090,5.8849
16091,5.5493593
16092,5.417283
16093,5.4751706
16094,9.71134
16095,5.9397345
16096,5.535542
16097,5.440749
16098,6.2707896
16099,5.791937
16100,5.727228
16101,5.500149
16102,7.9336247
16103,5.9837785
16104,5.311902
16105,5.4119406
16106,5.1081557
16107,11.151223
16108,6.2791257
16109,5.4150424
16110,5.2266283
16111,5.1805687
16112,5.7821765
16113,5.4127355
16114,6.038778
16115,9.692744
16116,5.780681
16117,5.8548307
16118,13.577165
16119,14.115115
16120,7.2492175
16121,12.97768
16122,10.345747
16123,6.706134
16124,5.978852
16125,8.367608
16126,6.0065675
16127,5.821654
16128,5.7309046
16129,5.732895
16130,5.6478224
16131,5.3798857
16132,5.4928675
16133,5.2667413
16134,5.1445985
16135,5.9472313
16136,5.381247
16137,4.96664
16138,7.1973634
16139,5.997595
16140,5.632175
16141,13.806974
16142,5.98712
16143,5.3247943
16144,5.1696205
16145,8.072196
16146,5.6639967
16147,5.2582
16148,5.8447514
16149,6.6373577
16150,6.767979
16151,6.1431155
16152,13.505803
16153,6.2170897
16154,5.7956886
16155,5.5073047
16156,13.85982
16157,6.2598114
16158,5.7304063
16159,12.685017
16160,5.950962
16161,5.5664663
16162,5.338477
16163,5.1845694
16164,4.9433846
16165,5.7044845
16166,5.157231
16167,5.5482187
16168,12.8438835
16169,6.1626134
16170,5.712198
16171,5.461694
16172,5.513605
16173,7.1030064
16174,12.888785
16175,6.3203583
16176,5.937366
16177,5.4002547
16178,6.8485036
16179,5.7872167
16180,5.2595353
16181,5.1165905
16182,10.041565
16183,5.6650496
16184,5.1347866
16185,5.029769
16186,4.91634
16187,4.811505
16188,4.7347865
16189,4.747805
16190,11.567838
16191,5.317171
16192,5.133566
16193,4.8323054
16194,4.7835364
16195,4.6524973
16196,4.5173974
16197,4.481162
16198,4.634488
16199,4.467957
16200,4.2751303
16201,4.964946
16202,4.5681696
16203,5.6472635
16204,6.3364444
16205,5.356552
16206,5.1068125
16207,4.8381143
16208,4.681304
16209,4.584524
16210,4.4370065
16211,4.3841257
16212,4.3619084
16213,4.1384497
16214,6.7937055
16215,5.2861633
16216,5.8277507
16217,6.0332723
16218,5.183876
16219,7.8751593
16220,5.5537076
16221,4.9459486
16222,4.801324
16223,13.586191
16224,5.5819254
16225,5.086361
16226,5.362369
16227,5.1585183
16228,5.9790516
16229,5.272922
16230,7.5125194
16231,11.698506
16232,12.234871
16233,10.846989
16234,14.137603
16235,12.8779125
16236,6.7922063
16237,13.70587
16238,13.605571
16239,14.181962
16240,14.190466
16241,7.1758866
16242,6.2962894
16243,6.0425787
16244,6.719851
16245,6.0025835
16246,5.901762
16247,13.81555
16248,10.172617
16249,12.073048
16250,8.144054
16251,9.053604
16252,10.826948
16253,14.18051
16254,14.111315
16255,14.038039
16256,14.271556
16257,13.389321
16258,7.7665977
16259,9.026787
16260,7.130019
16261,6.6930914
16262,6.0151258
16263,5.9489822
16264,5.9474034
16265,5.74502
16266,5.5742197
16267,7.2206
16268,6.0342655
16269,5.671777
16270,7.3119144
16271,13.943645
16272,7.0053854
16273,6.179193
16274,5.913519
16275,14.069951
16276,6.6239944
16277,6.047379
16278,5.750529
16279,5.62826
16280,11.406186
16281,10.282717
16282,13.011563
16283,14.176403
16284,13.928617
16285,12.774804
16286,13.714815
16287,14.274502
16288,14.317156
16289,14.340604
16290,14.34923
16291,13.57394
16292,13.378881
16293,13.93713
16294,7.7214117
16295,10.157459
16296,7.1966276
16297,13.29966
16298,6.9386644
16299,6.24161
16300,11.976043
16301,14.1995
16302,7.0558453
16303,6.4993043
16304,6.470993
16305,6.2778616
16306,13.7853775
16307,6.482803
16308,12.157323
16309,7.1155148
16310,6.1167827
16311,9.200501
16312,10.898432
16313,9.093858
16314,7.207918
16315,7.8220673
16316,7.4860516
16317,14.072853
16318,10.303162
16319,12.374075
16320,7.120639
16321,6.499731
16322,6.3412704
16323,6.792984
16324,6.755335
16325,14.048129
16326,8.784679
16327,12.271554
16328,7.5733275
16329,6.0423446
16330,13.337772
16331,14.245222
16332,13.858732
16333,13.873923
16334,14.224842
16335,7.2657766
16336,6.790587
16337,8.770772
16338,6.898793
16339,6.857001
16340,9.544406
16341,7.0595036
16342,6.409276
16343,8.130765
16344,6.591724
16345,6.2239137
16346,10.059327
16347,12.608823
16348,7.8822923
16349,6.631538
16350,6.2611766
16351,5.9120545
16352,5.6619453
16353,8.643165
16354,7.981446
16355,6.3805447
16356,14.0648155
16357,13.658001
16358,14.223189
16359,9.899718
16360,6.6434627
16361,6.4990244
16362,5.907265
16363,8.090367
16364,14.235162
16365,7.0499244
16366,6.4653325
16367,14.13684
16368,7.0946393
16369,6.3300776
16370,6.0513763
16371,5.985203
16372,6.040639
16373,5.6643777
16374,5.5234437
16375,5.2708383
16376,13.3740015
16377,6.6501436
16378,13.727607
16379,7.1229897
16380,12.082724
16381,13.5609665
16382,14.173078
16383,14.190416
16384,9.117564
16385,7.131551
16386,14.050215
16387,14.274643
16388,14.269131
16389,14.136024
16390,9.101694
16391,8.169064
16392,6.4164
16393,6.4939904
16394,13.730377
16395,9.538873
16396,6.634463
16397,14.269874
16398,13.289199
16399,13.950122
16400,8.822953
16401,14.250504
16402,14.331529
16403,14.258663
16404,10.49101
16405,7.9975986
16406,7.1274133
16407,6.6921406
16408,13.853585
16409,9.758669
16410,7.278338
16411,9.466099
16412,7.1541195
16413,6.863089
16414,13.315122
16415,8.087329
16416,6.749412
16417,7.3438053
16418,6.9278736
16419,6.603263
16420,11.044595
16421,14.206113
16422,14.284426
16423,14.336023
16424,10.173512
16425,7.294012
16426,6.656476
16427,6.8050666
16428,6.2251043
16429,5.9788218
16430,11.0208
16431,6.6208773
16432,6.3533487
16433,10.087219
16434,13.225572
16435,7.52185
16436,11.364016
16437,14.166304
16438,9.013028
16439,7.078801
16440,6.459573
16441,13.908067
16442,14.294938
16443,7.163584
16444,6.8339167
16445,6.68281
16446,13.653275
16447,13.75802
16448,6.983807
16449,6.440022
16450,11.457481
16451,7.443522
16452,7.0918884
16453,6.3023906
16454,6.767646
16455,6.850023
16456,6.373352
16457,12.807302
16458,14.299324
16459,8.397141
16460,6.454053
16461,6.236844
16462,6.101929
16463,5.877016
16464,5.5134544
16465,5.4142866
16466,7.2076335
16467,14.134335
16468,6.4508986
16469,6.7592416
16470,6.317353
16471,5.9443707
16472,5.735512
16473,5.438378
16474,9.217402
16475,6.3008556
16476,5.519451
16477,5.4629974
16478,5.3786173
16479,5.2802067
16480,5.3191037
16481,5.2054505
16482,5.0116434
16483,4.993348
16484,5.755622
16485,5.3438225
16486,7.886361
16487,5.8877106
16488,5.4718328
16489,5.1704497
16490,9.887547
16491,6.542062
16492,5.316035
16493,5.92143
16494,5.529576
16495,5.257613
16496,5.700557
16497,5.641029
16498,8.88561
16499,5.8186126
16500,8.042794
16501,6.051156
16502,5.384396
16503,7.9703717
16504,6.5500093
16505,11.6581
16506,9.440132
16507,9.068271
16508,5.921646
16509,5.5540514
16510,7.449589
16511,6.2108316
16512,5.255869
16513,5.170594
16514,5.1665344
16515,4.9811783
16516,8.194711
16517,5.6609488
16518,8.23727
16519,5.6960583
16520,5.22864
16521,6.767127
16522,5.5996294
16523,5.3547535
16524,9.233794
16525,13.537778
16526,6.849349
16527,14.221059
16528,9.555138
16529,6.88933
16530,5.764462
16531,13.257893
16532,13.198671
16533,7.156315
16534,6.1752086
16535,5.5220165
16536,5.533136
16537,9.685694
16538,10.712041
16539,12.478285
16540,7.3602514
16541,6.0271816
16542,5.720764
16543,13.918411
16544,13.88003
16545,13.923607
16546,14.112979
16547,14.309133
16548,9.25176
16549,13.853879
16550,8.981077
16551,13.871209
16552,6.762389
16553,13.973384
16554,14.264176
16555,8.614608
16556,7.028828
16557,11.403728
16558,7.3294506
16559,13.05946
16560,8.2520275
16561,6.621483
16562,7.486502
16563,6.2972245
16564,11.989809
16565,9.491248
16566,6.188558
16567,6.5407953
16568,13.566003
16569,7.1643434
16570,13.994795
16571,12.646486
16572,9.586672
16573,12.9705715
16574,6.719405
16575,6.4382944
16576,6.9152813
16577,10.892698
16578,6.6469655
16579,8.307008
16580,13.735477
16581,14.260448
16582,14.21602
16583,9.079542
16584,8.137636
16585,14.089871
16586,14.119072
16587,13.849014
16588,14.167512
16589,10.578449
16590,7.629492
16591,13.412403
16592,7.8453813
16593,8.755868
16594,13.957325
16595,9.014254
16596,9.913506
16597,9.989982
16598,13.167303
16599,8.542328
16600,11.452754
16601,9.826492
16602,10.31198
16603,7.751408
16604,14.031093
16605,7.0101585
16606,14.146951
16607,8.811257
16608,14.03004
16609,12.786008
16610,14.218581
16611,13.899996
16612,11.373913
16613,9.7746525
16614,14.2938385
16615,14.131939
16616,6.926667
16617,8.471187
16618,13.543588
16619,12.99785
16620,11.74061
16621,14.223383
16622,14.297472
16623,9.26262
16624,14.317698
16625,14.328259
16626,14.288711
16627,14.219223
16628,14.307611
16629,14.343608
16630,14.360767
16631,14.223875
16632,14.21421
16633,14.0745535
16634,14.118752
16635,14.082591
16636,14.078006
16637,14.303295
16638,14.311048
16639,8.935144
16640,14.0987
16641,14.263087
16642,13.976318
16643,13.022967
16644,9.4699335
16645,10.617989
16646,13.911261
16647,14.273473
16648,14.17418
16649,14.333017
16650,8.100261
16651,13.63763
16652,14.307881
16653,14.295749
16654,13.489695
16655,14.248144
16656,14.220568
16657,14.105789
16658,14.116347
16659,14.032509
16660,11.183159
16661,14.310971
16662,13.752129
16663,14.318717
16664,14.290904
16665,13.602712
16666,13.99148
16667,9.826156
16668,7.947211
16669,9.7935
16670,7.0617685
16671,8.037228
16672,9.498604
16673,13.636094
16674,14.156616
16675,8.51548
16676,9.438201
16677,12.907985
16678,12.209659
16679,14.306248
16680,14.295477
16681,14.303205
16682,14.331768
16683,14.280693
16684,14.198236
16685,14.357032
16686,13.77603
16687,14.176332
16688,8.006447
16689,13.751547
16690,14.299344
16691,8.043243
16692,12.036544
16693,7.7231956
16694,14.213412
16695,9.48643
16696,7.584373
16697,9.803857
16698,8.270531
16699,7.730376
16700,7.3287053
16701,6.594818
16702,7.720451
16703,8.821116
16704,7.0752754
16705,13.910073
16706,13.311007
16707,12.180693
16708,8.682207
16709,9.472838
16710,14.165343
16711,13.940657
16712,9.218787
16713,13.072963
16714,13.303079
16715,12.593516
16716,8.103562
16717,7.252851
16718,11.23971
16719,7.7616763
16720,13.915122
16721,13.873478
16722,11.598027
16723,14.253877
16724,11.973518
16725,10.542084
16726,10.025022
16727,7.331417
16728,7.4051094
16729,11.732338
16730,8.737848
16731,11.214772
16732,8.271174
16733,7.0264945
16734,11.17364
16735,8.363058
16736,7.0478663
16737,6.5646286
16738,6.4102826
16739,6.274943
16740,11.019864
16741,7.6482553
16742,6.9055605
16743,6.490019
16744,8.257099
16745,8.633507
16746,7.436262
16747,6.7200475
16748,10.285184
16749,14.175517
16750,14.005067
16751,13.6831455
16752,6.8609633
16753,9.927553
16754,14.10338
16755,14.177393
16756,14.055596
16757,7.0702634
16758,6.5657983
16759,9.866502
16760,8.826285
16761,13.310664
16762,14.260129
16763,7.5409946
16764,7.0619755
16765,6.5894146
16766,6.241146
16767,6.1714954
16768,11.358072
16769,14.080436
16770,14.026826
16771,12.7908945
16772,7.0225697
16773,10.506187
16774,11.86924
16775,12.751205
16776,7.994646
16777,10.229787
16778,14.201053
16779,14.312451
16780,14.234975
16781,14.230357
16782,14.177382
16783,7.5218472
16784,8.737928
16785,8.849178
16786,7.3916388
16787,12.3636055
16788,12.866584
16789,14.14572
16790,13.88894
16791,11.732187
16792,11.860925
16793,13.970253
16794,8.248598
16795,7.287487
16796,8.777749
16797,7.170696
16798,6.7394013
16799,10.073764
16800,9.971911
16801,11.772677
16802,11.733728
16803,14.249909
16804,12.483019
16805,14.185602
16806,9.772254
16807,9.159265
16808,9.291031
16809,7.243882
16810,7.301311
16811,9.272727
16812,13.061604
16813,8.223228
16814,10.235846
16815,14.240413
16816,13.399293
16817,9.459719
16818,10.900714
16819,10.040132
16820,12.433179
16821,9.59313
16822,8.875274
16823,10.182903
16824,8.925821
16825,6.85204
16826,8.243149
16827,6.864787
16828,7.3628597
16829,7.887068
16830,8.587496
16831,11.030361
16832,8.207285
16833,7.739133
16834,10.004166
16835,6.992119
16836,6.663288
16837,9.925678
16838,8.996989
16839,7.0507326
16840,9.780369
16841,6.68138
16842,6.246339
16843,8.48076
16844,10.613704
16845,13.179754
16846,14.210922
16847,9.474095
16848,9.761148
16849,7.7255874
16850,6.7007055
16851,7.0829177
16852,7.009771
16853,6.8656015
16854,7.579677
16855,9.193587
16856,7.6548343
16857,9.983163
16858,10.972447
16859,10.106911
16860,9.736138
16861,8.341612
16862,6.676897
16863,6.914523
16864,13.979285
16865,6.8276544
16866,8.706195
16867,14.085648
16868,9.543887
16869,7.6116533
16870,7.4833927
16871,9.720258
16872,14.233828
16873,14.06283
16874,14.222442
16875,13.468335
16876,7.1503987
16877,12.16044
16878,8.491863
16879,7.4419518
16880,6.541699
16881,6.826112
16882,6.6698194
16883,6.293502
16884,6.2832465
16885,6.8278284
16886,6.0940075
16887,5.8716755
16888,6.0353055
16889,5.7629914
16890,6.7402525
16891,7.26122
16892,6.0490723
16893,5.824985
16894,10.855387
16895,6.7827525
16896,7.8279033
16897,14.229248
16898,10.501821
16899,9.240199
16900,7.8321686
16901,6.6744375
16902,6.6124754
16903,9.278666
16904,13.280371
16905,14.015162
16906,10.359554
16907,14.215973
16908,7.9956026
16909,6.4333525
16910,7.467942
16911,7.284611
16912,12.718041
16913,10.628546
16914,6.6256676
16915,7.2054434
16916,6.752075
16917,6.0379877
16918,9.306679
16919,12.987519
16920,7.5473304
16921,14.231717
16922,6.982602
16923,6.381723
16924,6.3301325
16925,5.983807
16926,6.5063863
16927,10.407055
16928,14.146598
16929,6.9701633
16930,14.100173
16931,7.442487
16932,8.555926
16933,14.030928
16934,7.2220063
16935,14.183156
16936,7.539315
16937,6.730318
16938,6.5513544
16939,13.505577
16940,11.78724
16941,7.8486724
16942,10.45779
16943,6.9522753
16944,6.453791
16945,13.034258
16946,14.117166
16947,14.213995
16948,7.975356
16949,6.4223356
16950,6.225622
16951,12.904861
16952,7.325715
16953,12.756498
16954,8.381487
16955,12.132447
16956,13.829815
16957,6.93787
16958,6.4810095
16959,13.10397
16960,12.442162
16961,14.229206
16962,14.314068
16963,14.316873
16964,14.335546
16965,13.942484
16966,14.312186
16967,14.071641
16968,14.225942
16969,11.048098
16970,7.723924
16971,9.3855295
16972,7.484808
16973,8.586366
16974,8.267405
16975,13.429517
16976,10.504955
16977,10.5537405
16978,8.784909
16979,8.466264
16980,8.933964
16981,6.862116
16982,6.928641
16983,6.613466
16984,6.470829
16985,7.315141
16986,13.495984
16987,9.012996
16988,13.876422
16989,7.458144
16990,6.6999063
16991,7.211196
16992,8.257365
16993,9.450448
16994,9.619078
16995,8.87876
16996,12.557775
16997,12.543314
16998,8.540788
16999,14.0904
17000,14.1416445
17001,13.762663
17002,13.792992
17003,7.7739873
17004,14.107312
17005,9.983412
17006,13.749978
17007,6.932482
17008,8.542774
17009,8.537144
17010,8.489088
17011,9.315804
17012,14.120324
17013,13.498449
17014,7.080881
17015,6.869449
17016,6.7335086
17017,7.344788
17018,8.053775
17019,13.511314
17020,13.879642
17021,13.790561
17022,9.425056
17023,8.97078
17024,13.046788
17025,12.991627
17026,13.140789
17027,9.976338
17028,12.169428
17029,11.857927
17030,11.872952
17031,9.835418
17032,9.073699
17033,10.984605
17034,12.09678
17035,13.984461
17036,8.543346
17037,6.911537
17038,11.59216
17039,14.153356
17040,7.7267175
17041,6.7246513
17042,6.53363
17043,7.293016
17044,8.164607
17045,6.628413
17046,6.4628406
17047,6.0669107
17048,6.411432
17049,7.8783703
17050,6.371066
17051,7.01184
17052,11.398032
17053,6.9289565
17054,7.349682
17055,14.12226
17056,14.231488
17057,13.130125
17058,9.281781
17059,12.88266
17060,13.245754
17061,8.532005
17062,6.7834077
17063,11.928986
17064,14.14727
17065,9.759692
17066,6.7152095
17067,6.437354
17068,7.835304
17069,6.5855784
17070,6.032475
17071,5.956348
17072,5.936554
17073,10.1845255
17074,6.276285
17075,5.875355
17076,5.8312054
17077,6.2685347
17078,10.937096
17079,10.669777
17080,6.433207
17081,5.974154
17082,5.871142
17083,9.587511
17084,6.367239
17085,6.713148
17086,6.136969
17087,5.735374
17088,5.665718
17089,6.4370236
17090,8.295516
17091,6.0817456
17092,5.661529
17093,8.17762
17094,6.9482965
17095,6.7389417
17096,11.181971
17097,6.3566175
17098,6.000795
17099,11.107522
17100,5.736839
17101,6.521809
17102,9.271718
17103,12.725265
17104,7.135864
17105,5.7761135
17106,5.7677994
17107,9.500632
17108,6.171904
17109,5.7749496
17110,5.648934
17111,5.703255
17112,10.771028
17113,10.019368
17114,6.3766937
17115,7.503468
17116,6.5504107
17117,6.3812237
17118,6.124576
17119,5.7378025
17120,7.3790555
17121,11.477154
17122,6.148495
17123,6.278766
17124,5.6089826
17125,5.3089876
17126,6.3086777
17127,5.5781336
17128,5.334207
17129,5.4847355
17130,5.123222
17131,7.5244513
17132,6.0849023
17133,5.9647474
17134,14.141292
17135,13.927711
17136,7.3620396
17137,6.384679
17138,10.546974
17139,6.2490883
17140,14.178625
17141,12.538352
17142,14.272752
17143,14.161574
17144,14.004089
17145,8.486608
17146,8.102217
17147,6.3955173
17148,13.180808
17149,6.88629
17150,6.5047145
17151,6.265098
17152,5.67443
17153,5.7604218
17154,7.925615
17155,5.898954
17156,5.7581954
17157,13.139594
17158,13.9235935
17159,7.6815157
17160,6.380768
17161,9.473437
17162,10.786965
17163,6.5189366
17164,6.236144
17165,6.0868473
17166,6.256541
17167,13.099082
17168,12.206897
17169,6.467744
17170,6.9601398
17171,6.157804
17172,6.181507
17173,13.914728
17174,7.037548
17175,5.9912276
17176,6.337592
17177,5.8881135
17178,14.099486
17179,7.267354
17180,6.0239577
17181,6.3182707
17182,5.9336176
17183,6.93828
17184,6.798267
17185,5.7851686
17186,6.1299667
17187,7.7597423
17188,6.0807533
17189,13.563292
17190,6.2803717
17191,12.417399
17192,6.7324114
17193,5.9824333
17194,6.708023
17195,14.194926
17196,6.7151546
17197,6.04498
17198,5.950718
17199,5.826266
17200,5.6751957
17201,5.526543
17202,13.564326
17203,6.099291
17204,13.752316
17205,6.3406243
17206,13.314461
17207,6.6290293
17208,6.014058
17209,12.450468
17210,12.195189
17211,14.246213
17212,6.8484306
17213,6.1964316
17214,6.0569425
17215,9.6099
17216,9.355508
17217,7.421835
17218,8.773418
17219,6.272071
17220,9.864751
17221,6.3847265
17222,14.117466
17223,12.954222
17224,14.010927
17225,14.183687
17226,14.296324
17227,14.256744
17228,14.316674
17229,14.240615
17230,13.661679
17231,14.272167
17232,14.268868
17233,14.160872
17234,10.508416
17235,14.28172
17236,14.265049
17237,14.302962
17238,14.165049
17239,14.287812
17240,14.280803
17241,14.158331
17242,14.257339
17243,14.277748
17244,14.300191
17245,14.241823
17246,9.846911
17247,14.133539
17248,14.341958
17249,14.293578
17250,14.282065
17251,13.80179
17252,10.647969
17253,13.938399
17254,13.803264
17255,13.688539
17256,10.553475
17257,9.507433
17258,10.962671
17259,14.337051
17260,14.314886
17261,14.205614
17262,14.3126335
17263,13.967974
17264,13.631824
17265,14.039377
17266,14.297009
17267,9.8429575
17268,14.305714
17269,14.078193
17270,14.2427
17271,14.257478
17272,13.99889
17273,14.178703
17274,14.284156
17275,14.282193
17276,9.169393
17277,14.074726
17278,9.0199795
17279,13.742555
17280,13.640071
17281,14.289183
17282,9.34563
17283,8.590489
17284,14.17106
17285,14.314485
17286,14.226638
17287,7.9351697
17288,9.630716
17289,11.355425
17290,13.98188
17291,11.233022
17292,14.231808
17293,14.281704
17294,14.138647
17295,11.015044
17296,14.035681
17297,14.301739
17298,14.277166
17299,13.854927
17300,13.921713
17301,14.180535
17302,14.136053
17303,10.25654
17304,13.573085
17305,14.216408
17306,12.613314
17307,12.709566
17308,13.896754
17309,14.265515
17310,9.326167
17311,7.406645
17312,6.9969573
17313,13.664909
17314,14.073497
17315,10.57938
17316,11.334037
17317,12.613414
17318,13.896167
17319,13.530373
17320,9.141949
17321,14.024735
17322,7.786851
17323,14.186334
17324,14.127647
17325,13.863983
17326,12.769754
17327,14.207493
17328,8.454335
17329,13.747343
17330,14.232219
17331,13.674405
17332,14.10022
17333,13.208641
17334,7.9381204
17335,12.957604
17336,13.486828
17337,7.614138
17338,14.162736
17339,13.246809
17340,7.4940896
17341,8.92791
17342,13.799288
17343,10.181711
17344,14.084644
17345,14.28253
17346,13.913081
17347,8.903751
17348,9.168343
17349,7.336916
17350,13.971988
17351,14.005418
17352,14.096817
17353,14.312066
17354,14.266141
17355,9.371845
17356,12.295693
17357,9.381124
17358,11.096759
17359,10.650311
17360,7.4310026
17361,6.920237
17362,6.6316795
17363,6.567766
17364,8.963994
17365,8.350025
17366,7.17101
17367,13.664237
17368,7.115328
17369,11.62923
17370,8.988679
17371,14.09366
17372,7.8692684
17373,6.592409
17374,14.146379
17375,13.779526
17376,7.5413094
17377,14.075767
17378,7.637425
17379,9.042888
17380,13.855822
17381,13.851846
17382,8.40876
17383,7.1746182
17384,6.627551
17385,6.381612
17386,6.3625135
17387,8.198739
17388,6.561733
17389,6.2704806
17390,11.840525
17391,6.673388
17392,10.644204
17393,14.237936
17394,6.908438
17395,8.854155
17396,13.987312
17397,7.2136474
17398,6.404798
17399,6.091939
17400,10.757316
17401,7.053634
17402,6.425107
17403,6.251867
17404,5.95492
17405,10.602494
17406,12.554355
17407,6.7131734
17408,7.9806623
17409,6.337791
17410,11.068312
17411,14.3042755
17412,13.891496
17413,11.954913
17414,10.529012
17415,7.58173
17416,6.546422
17417,6.779378
17418,8.491204
17419,10.374706
17420,14.167566
17421,7.1453943
17422,6.27539
17423,7.7269373
17424,7.0826035
17425,6.165706
17426,6.1482215
17427,5.771718
17428,5.7516584
17429,5.6693964
17430,5.65504
17431,5.4917407
17432,8.615717
17433,8.866287
17434,10.421104
17435,6.3004127
17436,5.894916
17437,5.5597773
17438,5.537934
17439,5.399804
17440,5.201631
17441,5.108691
17442,5.3808956
17443,5.652124
17444,5.539942
17445,6.915383
17446,7.5996523
17447,6.1891546
17448,5.746277
17449,5.9046917
17450,5.5087404
17451,12.571893
17452,7.8690042
17453,6.435317
17454,8.255864
17455,5.690343
17456,5.603255
17457,13.741524
17458,6.2303476
17459,5.647322
17460,7.342484
17461,5.8263383
17462,7.845299
17463,5.8820653
17464,8.388494
17465,13.967671
17466,13.546548
17467,6.8041067
17468,8.518871
17469,6.622686
17470,13.9825325
17471,6.9340506
17472,5.8441067
17473,5.75574
17474,9.4263
17475,13.444748
17476,7.645427
17477,14.171555
17478,7.036078
17479,6.1208353
17480,6.331676
17481,5.9873905
17482,5.555142
17483,5.517362
17484,11.589378
17485,8.52381
17486,7.4085712
17487,5.8454776
17488,13.943708
17489,13.978258
17490,9.0635
17491,6.1384554
17492,5.7239976
17493,5.9161
17494,6.0085344
17495,5.804104
17496,5.4263816
17497,6.142532
17498,6.197942
17499,5.740522
17500,6.229396
17501,6.266907
17502,5.821788
17503,5.681161
17504,6.6674047
17505,7.7966805
17506,6.402295
17507,13.378407
17508,6.816703
17509,13.345479
17510,14.130215
17511,7.0037637
17512,9.106331
17513,9.852323
17514,6.3247633
17515,6.219515
17516,8.282547
17517,6.974189
17518,14.27031
17519,9.300709
17520,6.334902
17521,7.4038196
17522,6.1610074
17523,5.960732
17524,5.6583543
17525,11.010981
17526,11.332768
17527,14.171745
17528,14.163933
17529,7.115718
17530,8.800299
17531,13.948135
17532,12.974994
17533,14.066846
17534,8.055131
17535,6.63255
17536,6.006338
17537,9.376778
17538,6.618171
17539,12.0676565
17540,13.801704
17541,7.5789886
17542,6.451068
17543,6.3569593
17544,6.1848145
17545,13.466753
17546,6.7432303
17547,6.0984135
17548,6.4069667
17549,13.912686
17550,14.155941
17551,7.506707
17552,9.080514
17553,14.217753
17554,13.993668
17555,14.267128
17556,8.56881
17557,10.12587
17558,6.9783025
17559,6.175959
17560,6.621062
17561,6.5098567
17562,12.347408
17563,7.8980565
17564,6.979103
17565,6.7510366
17566,6.4547024
17567,8.896484
17568,7.913975
17569,8.65299
17570,8.316969
17571,13.387475
17572,6.350384
17573,13.789229
17574,13.01779
17575,6.8905907
17576,7.6059055
17577,6.124829
17578,6.2148595
17579,6.596107
17580,6.610606
17581,6.1696987
17582,5.7878637
17583,10.971677
17584,11.947328
17585,6.304599
17586,6.343329
17587,6.5921073
17588,6.4073443
17589,6.0304346
17590,9.463119
17591,6.3698273
17592,6.306843
17593,5.818481
17594,7.4995747
17595,6.079546
17596,5.692816
17597,12.342264
17598,6.4391584
17599,6.1981125
17600,7.1416216
17601,5.9316673
17602,7.5181365
17603,8.489244
17604,6.328473
17605,5.942291
17606,5.799337
17607,6.342833
17608,5.9924145
17609,8.2369175
17610,6.555349
17611,11.397688
17612,13.6072035
17613,9.5372715
17614,13.870575
17615,6.9874053
17616,6.513746
17617,13.982307
17618,7.45655
17619,5.8140244
17620,6.0448275
17621,11.101632
17622,6.3723245
17623,5.9719825
17624,5.537493
17625,6.8169065
17626,6.0233784
17627,5.8314786
17628,5.6362033
17629,5.152161
17630,5.415336
17631,6.0256805
17632,5.561233
17633,5.399522
17634,5.0948024
17635,4.944461
17636,5.021417
17637,4.8786564
17638,5.4497776
17639,6.3938313
17640,5.9382076
17641,5.358808
17642,5.076017
17643,4.926035
17644,10.89833
17645,5.8266253
17646,7.340209
17647,6.1327376
17648,5.329092
17649,5.235255
17650,13.330995
17651,14.190308
17652,6.5343857
17653,5.6592903
17654,5.455054
17655,5.606835
17656,5.1034822
17657,6.4864573
17658,5.8090544
17659,5.9037905
17660,5.454066
17661,5.0846577
17662,5.066024
17663,5.0339193
17664,4.8025813
17665,6.5305533
17666,6.4852834
17667,5.424742
17668,5.0967765
17669,8.89994
17670,14.170841
17671,14.139848
17672,7.398358
17673,7.395344
17674,13.6578455
17675,6.406492
17676,5.729985
17677,7.0277333
17678,5.914684
17679,6.509267
17680,10.668891
17681,13.825397
17682,14.122477
17683,14.219976
17684,14.276171
17685,14.01591
17686,13.662813
17687,14.132668
17688,14.3079605
17689,14.272911
17690,10.669711
17691,12.588732
17692,14.082718
17693,7.1604586
17694,13.133809
17695,14.312415
17696,8.5994625
17697,6.772597
17698,9.878154
17699,7.055229
17700,6.5373254
17701,9.958337
17702,8.127183
17703,7.738213
17704,8.142127
17705,6.213154
17706,8.474875
17707,14.246268
17708,8.434978
17709,6.370759
17710,14.255955
17711,11.097104
17712,7.922625
17713,13.946091
17714,14.22621
17715,14.286953
17716,7.80729
17717,13.877938
17718,14.327697
17719,13.674163
17720,14.128524
17721,14.276913
17722,14.351077
17723,14.274823
17724,14.285799
17725,9.837365
17726,14.293149
17727,14.223179
17728,14.161058
17729,13.583452
17730,10.88837
17731,8.120534
17732,13.054016
17733,9.72877
17734,9.053741
17735,13.68441
17736,12.461723
17737,14.15342
17738,14.142496
17739,10.391483
17740,7.444104
17741,7.144787
17742,7.3765144
17743,14.204926
17744,14.32495
17745,14.328946
17746,13.957605
17747,14.158829
17748,10.901356
17749,7.1426883
17750,6.773056
17751,9.716597
17752,7.682445
17753,11.629473
17754,7.4144344
17755,7.712382
17756,13.98131
17757,7.211487
17758,7.092607
17759,10.923161
17760,11.479165
17761,12.554243
17762,9.54309
17763,13.554007
17764,13.928077
17765,13.997957
17766,7.335825
17767,7.0141826
17768,6.8390603
17769,9.652589
17770,14.055138
17771,13.908536
17772,7.1452646
17773,11.7584915
17774,12.82827
17775,7.234766
17776,10.640793
17777,13.9986
17778,13.9832325
17779,8.838936
17780,13.348902
17781,13.953063
17782,14.198145
17783,9.701571
17784,7.2761846
17785,6.9797034
17786,9.521429
17787,10.264195
17788,6.9049115
17789,6.8771343
17790,10.984135
17791,7.256082
17792,6.537969
17793,6.402671
17794,6.7025876
17795,13.403507
17796,6.7535734
17797,6.2840223
17798,6.1513534
17799,5.89345
17800,5.83414
17801,5.692489
17802,5.7829347
17803,8.494209
17804,8.394897
17805,5.827329
17806,5.8201838
17807,6.1472588
17808,5.7037926
17809,5.403246
17810,7.5923824
17811,6.375085
17812,5.686178
17813,5.8760448
17814,6.818925
17815,5.8511825
17816,7.5158205
17817,10.891756
17818,6.2085366
17819,5.9171124
17820,6.2396874
17821,11.003473
17822,5.994929
17823,5.6892405
17824,6.893668
17825,7.350086
17826,7.69533
17827,5.9675884
17828,7.795086
17829,8.100078
17830,11.696854
17831,6.2137656
17832,5.6895123
17833,5.884852
17834,13.327546
17835,8.565222
17836,6.117919
17837,6.032798
17838,5.477868
17839,5.975811
17840,6.428954
17841,8.344623
17842,5.8563976
17843,5.524819
17844,5.286268
17845,5.957782
17846,5.588735
17847,9.030512
17848,5.6749234
17849,7.152188
17850,6.3036237
17851,11.833114
17852,13.929044
17853,6.784335
17854,14.213187
17855,7.179438
17856,5.8137627
17857,12.961233
17858,6.644005
17859,14.0809
17860,8.444516
17861,6.072492
17862,7.2872205
17863,6.665569
17864,6.179907
17865,6.038552
17866,7.599603
17867,6.452627
17868,5.9721713
17869,8.206229
17870,6.3154683
17871,12.489043
17872,7.0367856
17873,8.566004
17874,14.1681
17875,14.056897
17876,12.550412
17877,7.659937
17878,7.112019
17879,7.201154
17880,7.473138
17881,6.377905
17882,6.186711
17883,7.6376214
17884,6.2116084
17885,6.126806
17886,5.558245
17887,5.7539153
17888,5.5152326
17889,5.350706
17890,5.637766
17891,7.1844754
17892,6.80052
17893,5.6607084
17894,7.491533
17895,6.2114472
17896,8.041069
17897,12.756315
17898,6.587144
17899,13.442649
17900,11.947126
17901,13.159818
17902,14.2325945
17903,13.88425
17904,7.1335416
17905,6.4875717
17906,6.1201015
17907,6.8223963
17908,6.245796
17909,5.9224524
17910,6.075099
17911,5.4464602
17912,12.13179
17913,14.248364
17914,14.11624
17915,12.313401
17916,7.636603
17917,13.961755
17918,8.737767
17919,13.141447
17920,13.362377
17921,12.562054
17922,12.8298645
17923,14.106078
17924,13.6747
17925,13.646872
17926,13.391816
17927,7.7604475
17928,11.489304
17929,8.675047
17930,7.668356
17931,6.341531
17932,10.680098
17933,7.0405455
17934,8.089062
17935,9.741417
17936,9.764548
17937,6.6187735
17938,13.815906
17939,6.6595855
17940,6.5818143
17941,13.629121
17942,6.6797028
17943,6.4164643
17944,5.9020915
17945,5.824349
17946,6.17863
17947,11.892156
17948,8.984069
17949,6.4927917
17950,13.434459
17951,6.7119555
17952,14.072149
17953,6.9069495
17954,7.542109
17955,7.670939
17956,14.143941
17957,14.297638
17958,12.891575
17959,14.261089
17960,14.013742
17961,14.219341
17962,13.407864
17963,9.693934
17964,12.512966
17965,13.619188
17966,14.286132
17967,14.309047
17968,10.115349
17969,11.823902
17970,14.236785
17971,14.101545
17972,14.143591
17973,13.930031
17974,10.01969
17975,7.3161893
17976,7.301611
17977,6.7875276
17978,13.9953985
17979,13.9425125
17980,7.305731
17981,14.255337
17982,7.7333183
17983,6.9826303
17984,6.3057356
17985,14.210071
17986,14.283888
17987,14.312266
17988,14.277293
17989,14.318209
17990,14.35229
17991,12.078503
17992,14.077568
17993,8.923134
17994,14.199842
17995,14.036714
17996,14.236524
17997,12.982141
17998,14.231324
17999,14.275089
18000,14.140331
18001,8.877361
18002,14.042245
18003,14.348042
18004,14.300152
18005,14.325692
18006,12.962949
18007,13.466387
18008,7.7500677
18009,9.660187
18010,13.499895
18011,11.94997
18012,13.937088
18013,7.3172517
18014,14.085208
18015,13.046977
18016,14.227415
18017,13.135558
18018,14.039837
18019,14.077298
18020,14.228314
18021,14.248119
18022,14.330341
18023,14.33755
18024,14.149779
18025,14.319882
18026,14.1852665
18027,14.169217
18028,14.216968
18029,14.290678
18030,13.993385
18031,9.021508
18032,9.372132
18033,10.846876
18034,14.141455
18035,10.674575
18036,8.26198
18037,14.187655
18038,8.35681
18039,14.218548
18040,11.573742
18041,13.67581
18042,14.187203
18043,14.331835
18044,14.303743
18045,14.312036
18046,13.805539
18047,8.317193
18048,13.081461
18049,14.226993
18050,13.746179
18051,13.83982
18052,8.884377
18053,14.29573
18054,8.288144
18055,7.5309153
18056,7.614685
18057,8.110197
18058,7.299491
18059,8.483055
18060,8.204302
18061,7.02751
18062,8.562659
18063,9.884814
18064,9.646348
18065,10.468633
18066,14.012852
18067,14.215069
18068,8.099474
18069,10.339096
18070,8.106668
18071,8.439893
18072,13.743071
18073,13.831746
18074,13.704531
18075,14.236133
18076,13.872376
18077,13.04441
18078,14.177176
18079,13.78804
18080,13.074093
18081,14.120258
18082,13.892714
18083,14.2359705
18084,13.883109
18085,10.69515
18086,13.9635515
18087,14.136661
18088,14.020919
18089,7.4905396
18090,7.493451
18091,6.855073
18092,11.281559
18093,12.552687
18094,14.203926
18095,14.214219
18096,8.513494
18097,7.1000443
18098,6.75753
18099,13.123888
18100,8.04697
18101,13.947515
18102,14.109892
18103,8.401539
18104,14.245291
18105,14.284409
18106,9.075102
18107,14.120943
18108,12.191851
18109,7.406766
18110,10.153266
18111,6.7024403
18112,10.688142
18113,14.023223
18114,7.2086253
18115,7.958632
18116,14.249946
18117,7.878425
18118,8.113633
18119,6.7585173
18120,14.019033
18121,8.34057
18122,12.151466
18123,7.2484903
18124,6.5667276
18125,13.844692
18126,7.344359
18127,6.6726575
18128,12.894995
18129,7.0653477
18130,8.995755
18131,13.801468
18132,9.432394
18133,7.906924
18134,11.86476
18135,14.180162
18136,8.14887
18137,13.409789
18138,14.323693
18139,14.1585245
18140,7.651996
18141,6.9681077
18142,14.203165
18143,14.260692
18144,13.602751
18145,7.1312704
18146,14.304481
18147,7.2185535
18148,6.67385
18149,14.155404
18150,7.3816075
18151,13.187802
18152,14.067764
18153,7.1882963
18154,6.890171
18155,8.077382
18156,12.989584
18157,12.130636
18158,7.315001
18159,7.447757
18160,6.5040107
18161,6.9140077
18162,11.662737
18163,13.354519
18164,6.856793
18165,6.4953218
18166,11.794256
18167,6.8974986
18168,6.5927696
18169,7.0054855
18170,9.754946
18171,7.478521
18172,6.8764977
18173,6.35064
18174,6.3430343
18175,11.957421
18176,11.401856
18177,7.1540074
18178,13.782405
18179,7.6473913
18180,6.332453
18181,6.204475
18182,6.1395984
18183,13.001211
18184,6.275792
18185,6.1597095
18186,6.1941285
18187,5.8327746
18188,5.747061
18189,6.798038
18190,10.12796
18191,14.095467
18192,14.256178
18193,7.175339
18194,14.025369
18195,14.301873
18196,14.298421
18197,14.162536
18198,14.129696
18199,14.309647
18200,14.304171
18201,7.503358
18202,13.588579
18203,9.021571
18204,13.748662
18205,7.0738535
18206,13.982614
18207,9.064835
18208,7.412327
18209,7.052828
18210,8.201139
18211,6.7509174
18212,13.844747
18213,13.816462
18214,12.343377
18215,7.8754997
18216,10.961551
18217,14.120391
18218,12.012286
18219,13.612344
18220,13.628099
18221,13.885462
18222,14.300427
18223,14.087173
18224,7.043992
18225,14.012417
18226,14.137173
18227,8.955668
18228,9.828113
18229,7.268155
18230,14.281022
18231,14.326154
18232,14.165531
18233,12.038409
18234,8.088289
18235,7.4352365
18236,14.226305
18237,14.247588
18238,14.324919
18239,14.352707
18240,12.337972
18241,13.923112
18242,8.363579
18243,12.24406
18244,13.831918
18245,12.385294
18246,13.505498
18247,10.833942
18248,6.9133425
18249,7.066246
18250,6.817849
18251,6.811174
18252,7.6067142
18253,7.122052
18254,6.5222273
18255,6.821423
18256,7.780504
18257,14.074966
18258,8.94224
18259,7.296583
18260,13.904025
18261,11.484302
18262,7.112175
18263,8.637898
18264,6.6355
18265,13.391745
18266,12.034309
18267,14.248075
18268,8.054126
18269,14.282182
18270,9.538517
18271,13.180673
18272,14.183115
18273,13.412979
18274,7.3877106
18275,10.302069
18276,7.2343407
18277,14.191569
18278,14.041562
18279,7.284889
18280,6.7912264
18281,7.0272245
18282,13.2170315
18283,7.456803
18284,7.268615
18285,6.6574554
18286,6.4537425
18287,6.0305247
18288,5.9533553
18289,7.4869037
18290,9.485337
18291,6.859473
18292,6.4520373
18293,6.4913588
18294,7.9937825
18295,14.185272
18296,12.829278
18297,7.4332666
18298,7.470608
18299,6.4817758
18300,6.09186
18301,6.042435
18302,12.554841
18303,6.9393754
18304,6.063944
18305,5.9654837
18306,5.6535625
18307,5.6582327
18308,5.510601
18309,6.818326
18310,13.993523
18311,13.859798
18312,6.175942
18313,10.66519
18314,14.131382
18315,14.252967
18316,8.377916
18317,13.817524
18318,14.273481
18319,14.293172
18320,14.224295
18321,7.582154
18322,7.1890106
18323,8.040242
18324,6.5802855
18325,6.389798
18326,14.207009
18327,6.886544
18328,6.534203
18329,10.570699
18330,13.934202
18331,10.211643
18332,7.9317307
18333,13.879409
18334,7.6948104
18335,14.261057
18336,14.265125
18337,14.316404
18338,14.328084
18339,14.346194
18340,14.322152
18341,14.320807
18342,14.337242
18343,14.343602
18344,14.348616
18345,14.35377
18346,14.354495
18347,14.349385
18348,14.056265
18349,14.301785
18350,10.36011
18351,9.226677
18352,14.214317
18353,14.246037
18354,13.877569
18355,14.271018
18356,14.330321
18357,14.340523
18358,14.206964
18359,9.72376
18360,13.767203
18361,14.316889
18362,14.314267
18363,14.061172
18364,13.852034
18365,14.034277
18366,13.74894
18367,14.301151
18368,10.591862
18369,14.30747
18370,12.128929
18371,14.281994
18372,8.217682
18373,8.455874
18374,10.941489
18375,7.2829256
18376,7.579964
18377,8.529017
18378,8.11082
18379,7.3323536
18380,13.9757805
18381,10.196882
18382,7.990122
18383,7.067073
18384,6.854411
18385,9.473388
18386,11.282396
18387,7.084352
18388,7.754861
18389,6.8267426
18390,9.298441
18391,13.959607
18392,8.580326
18393,7.2883134
18394,14.056449
18395,7.9906244
18396,7.270997
18397,6.6680694
18398,6.478877
18399,7.2393184
18400,12.4596195
18401,6.7402925
18402,6.5870204
18403,8.184632
18404,10.3781805
18405,6.9266663
18406,13.891187
18407,14.104578
18408,11.1222
18409,6.848354
18410,12.601994
18411,14.019185
18412,8.997442
18413,6.606826
18414,9.298706
18415,7.1781344
18416,13.270698
18417,13.23111
18418,14.294379
18419,11.49919
18420,12.381643
18421,11.72112
18422,14.299855
18423,7.6235766
18424,11.251602
18425,9.898266
18426,8.884456
18427,13.781687
18428,12.762025
18429,13.564365
18430,8.874131
18431,7.4140544
18432,6.683626
18433,10.689112
18434,8.125954
18435,6.760531
18436,6.2659826
18437,7.3628387
18438,14.182583
18439,12.590534
18440,11.202598
18441,8.159506
18442,7.937297
18443,7.57156
18444,13.7137575
18445,7.722308
18446,7.4463415
18447,14.148437
18448,9.94243
18449,8.686736
18450,6.845106
18451,14.168019
18452,7.8439145
18453,9.778066
18454,8.346474
18455,10.498494
18456,14.028243
18457,14.244352
18458,7.7039065
18459,7.156529
18460,12.146328
18461,9.217596
18462,11.187632
18463,14.119472
18464,14.273235
18465,14.305316
18466,7.378532
18467,7.286994
18468,11.629892
18469,6.9809647
18470,6.8155994
18471,9.36147
18472,9.27458
18473,9.857323
18474,9.732224
18475,7.121298
18476,6.5833344
18477,7.828707
18478,8.303054
18479,8.67233
18480,8.667344
18481,13.911145
18482,7.0314093
18483,7.02475
18484,6.3609033
18485,7.1897902
18486,14.147156
18487,7.6565924
18488,10.046203
18489,8.598041
18490,6.824456
18491,6.286283
18492,5.984361
18493,11.717809
18494,14.301963
18495,14.291054
18496,14.259753
18497,8.88741
18498,13.100261
18499,7.53221
18500,6.4708076
18501,6.426562
18502,7.267641
18503,6.3938575
18504,6.358323
18505,5.9346585
18506,5.812838
18507,12.651015
18508,9.2703
18509,13.835241
18510,9.321077
18511,10.052722
18512,13.142727
18513,10.124922
18514,14.23097
18515,14.197565
18516,14.089593
18517,7.6558313
18518,12.035942
18519,8.976995
18520,7.0775595
18521,13.314782
18522,11.421056
18523,9.0952015
18524,9.254028
18525,6.635581
18526,6.4851465
18527,10.6682005
18528,6.693709
18529,12.1816
18530,7.6909847
18531,6.4461966
18532,14.190992
18533,9.462659
18534,6.621727
18535,6.3390107
18536,9.726819
18537,12.195399
18538,14.192405
18539,6.9437666
18540,7.143307
18541,13.991129
18542,10.570162
18543,7.0343676
18544,6.3968687
18545,8.477879
18546,6.6083527
18547,7.056299
18548,6.3506866
18549,13.291919
18550,6.5823417
18551,12.193052
18552,7.554036
18553,12.047817
18554,6.961103
18555,5.994834
18556,8.517496
18557,7.095667
18558,14.03809
18559,8.907484
18560,6.8338847
18561,6.1137686
18562,13.351337
18563,7.646678
18564,6.5492215
18565,10.852495
18566,9.781033
18567,14.134941
18568,6.88373
18569,6.4066772
18570,11.504958
18571,7.9114475
18572,6.261525
18573,5.9392095
18574,6.7867117
18575,6.4909325
18576,12.822466
18577,6.36507
18578,5.98446
18579,6.409371
18580,6.432682
18581,8.268521
18582,13.720877
18583,14.211002
18584,14.1001
18585,9.592529
18586,10.864538
18587,8.453072
18588,13.974146
18589,7.529909
18590,13.290309
18591,12.57728
18592,7.5285125
18593,13.69218
18594,6.9352274
18595,7.5407586
18596,14.1875725
18597,14.291952
18598,7.6875443
18599,6.577841
18600,6.615051
18601,9.670635
18602,9.347211
18603,11.27815
18604,11.800189
18605,6.818083
18606,12.386493
18607,8.375059
18608,9.466957
18609,10.9845295
18610,6.398498
18611,6.5444
18612,6.314191
18613,5.8933415
18614,12.976612
18615,8.9264
18616,6.5007496
18617,13.839461
18618,6.8198915
18619,9.924529
18620,6.8005214
18621,6.897214
18622,6.846894
18623,6.7739263
18624,7.2917786
18625,7.1389723
18626,10.011437
18627,13.63983
18628,10.668711
18629,6.5688357
18630,6.5260234
18631,9.960426
18632,6.4187627
18633,5.982111
18634,6.006403
18635,5.8031697
18636,5.5623817
18637,5.624451
18638,5.3156667
18639,7.8336873
18640,6.4272914
18641,8.963997
18642,13.76862
18643,10.393711
18644,7.99273
18645,6.2273517
18646,5.831975
18647,6.990496
18648,6.452935
18649,8.529286
18650,7.7630954
18651,9.918738
18652,14.257828
18653,14.208403
18654,8.933039
18655,6.797802
18656,6.1733685
18657,6.1125712
18658,5.83592
18659,8.47104
18660,6.3488107
18661,6.006171
18662,6.8213773
18663,5.791188
18664,5.790573
18665,5.7751307
18666,8.446555
18667,13.421054
18668,7.019765
18669,5.7517056
18670,11.101013
18671,13.953264
18672,13.882223
18673,13.731777
18674,13.625976
18675,14.219153
18676,9.235562
18677,6.9978085
18678,6.7917433
18679,6.181441
18680,6.004337
18681,7.870377
18682,6.6980824
18683,13.942447
18684,6.5545855
18685,6.06154
18686,13.877572
18687,6.379479
18688,5.8504033
18689,5.676871
18690,7.045698
18691,10.205382
18692,14.267131
18693,7.5791526
18694,14.06298
18695,6.9299836
18696,6.489279
18697,6.1874967
18698,11.98101
18699,6.924275
18700,6.3303967
18701,5.860682
18702,5.831194
18703,5.618086
18704,5.5714335
18705,5.771176
18706,7.0577717
18707,10.513765
18708,14.217338
18709,13.706814
18710,14.227845
18711,14.186563
18712,7.3128057
18713,7.048861
18714,14.254256
18715,14.236802
18716,8.719181
18717,6.7070003
18718,6.1304226
18719,13.384134
18720,12.264719
18721,6.479959
18722,6.2401133
18723,6.025155
18724,6.017598
18725,5.81369
18726,6.73055
18727,14.094109
18728,6.8904457
18729,5.9705153
18730,6.0965686
18731,12.257655
18732,14.135327
18733,10.988559
18734,6.5573697
18735,6.188299
18736,9.864128
18737,6.0657
18738,8.180786
18739,14.098536
18740,7.095697
18741,13.92499
18742,13.140441
18743,12.668073
18744,13.791218
18745,13.993898
18746,11.423293
18747,14.261254
18748,14.276545
18749,14.205473
18750,14.223194
18751,14.282602
18752,14.307474
18753,14.237992
18754,14.073543
18755,7.8333764
18756,8.209553
18757,13.878672
18758,14.304832
18759,14.2925205
18760,14.266653
18761,7.773781
18762,13.862167
18763,13.775738
18764,7.9641657
18765,7.568402
18766,7.000258
18767,14.17895
18768,14.245588
18769,14.323095
18770,9.429785
18771,14.068178
18772,14.261959
18773,12.948733
18774,7.9593782
18775,14.266571
18776,14.327723
18777,14.296573
18778,14.273375
18779,14.304753
18780,13.88866
18781,7.217466
18782,12.517932
18783,14.277451
18784,14.247925
18785,14.283051
18786,14.247878
18787,14.294785
18788,14.305411
18789,14.223454
18790,14.139233
18791,10.579427
18792,14.167489
18793,13.70684
18794,14.053051
18795,14.308787
18796,14.266883
18797,14.315012
18798,14.31369
18799,14.249059
18800,14.297403
18801,10.466308
18802,14.273868
18803,14.281172
18804,7.880555
18805,8.92733
18806,13.827059
18807,7.5351624
18808,7.0420012
18809,7.0057893
18810,6.8817368
18811,14.036668
18812,13.925822
18813,10.366098
18814,7.2151046
18815,7.547621
18816,13.706221
18817,14.138803
18818,14.081994
18819,14.205017
18820,14.285678
18821,7.5208116
18822,11.866017
18823,13.27896
18824,14.232411
18825,7.5790052
18826,14.2834015
18827,14.26089
18828,14.336974
18829,9.567534
18830,7.0495644
18831,14.148575
18832,14.198442
18833,13.9013195
18834,7.0030065
18835,13.902259
18836,14.133326
18837,14.102051
18838,7.347503
18839,13.519981
18840,10.02108
18841,12.632133
18842,14.261182
18843,14.34093
18844,14.350787
18845,14.32474
18846,14.31472
18847,14.33445
18848,14.312988
18849,14.2498
18850,14.305055
18851,14.299987
18852,14.32094
18853,14.335096
18854,14.218368
18855,14.289361
18856,14.324769
18857,14.324476
18858,14.275464
18859,14.311534
18860,11.792058
18861,10.504515
18862,9.934195
18863,13.972076
18864,8.094376
18865,7.241891
18866,11.61133
18867,7.9703083
18868,14.212295
18869,8.19809
18870,14.140842
18871,8.053976
18872,7.1048555
18873,6.8488
18874,6.6279964
18875,11.438163
18876,7.1766667
18877,14.012932
18878,14.117261
18879,14.334805
18880,14.303196
18881,9.546551
18882,14.244412
18883,9.695916
18884,7.9056807
18885,10.334431
18886,13.981693
18887,13.784664
18888,14.125791
18889,7.354219
18890,11.49167
18891,7.4342337
18892,6.9968033
18893,6.6974297
18894,7.1256366
18895,9.350256
18896,13.370384
18897,6.964944
18898,6.7108607
18899,13.747302
18900,7.0120535
18901,14.016623
18902,13.272049
18903,7.7862554
18904,14.101587
18905,10.849238
18906,7.233689
18907,6.639853
18908,6.435438
18909,9.277122
18910,13.868706
18911,7.0783305
18912,6.6582847
18913,6.446015
18914,6.1821527
18915,6.1392546
18916,10.119768
18917,6.62566
18918,13.734745
18919,8.767504
18920,6.3964534
18921,6.3269033
18922,6.4684772
18923,14.216465
18924,12.62052
18925,14.105158
18926,7.090016
18927,13.946781
18928,6.9309373
18929,8.81741
18930,6.3570633
18931,6.002925
18932,5.9273925
18933,5.8670855
18934,6.723626
18935,14.092396
18936,14.123519
18937,14.158594
18938,14.316812
18939,8.3354645
18940,6.811315
18941,6.1457415
18942,9.61619
18943,14.314896
18944,14.24151
18945,14.287447
18946,13.059986
18947,7.0196857
18948,12.677331
18949,14.068254
18950,13.499356
18951,14.305401
18952,7.817787
18953,14.144939
18954,8.198289
18955,6.6834865
18956,6.619621
18957,11.089528
18958,6.7958627
18959,14.092133
18960,14.318831
18961,8.344589
18962,14.311987
18963,7.678694
18964,6.6425037
18965,12.655062
18966,7.296052
18967,11.193243
18968,14.247432
18969,14.169972
18970,14.268943
18971,8.268459
18972,8.991909
18973,14.2440405
18974,14.31549
18975,14.348576
18976,14.35832
18977,14.196409
18978,14.3494
18979,14.341046
18980,14.287301
18981,14.298315
18982,14.250265
18983,14.330269
18984,14.348306
18985,8.576254
18986,14.170802
18987,14.305574
18988,8.587143
18989,13.747857
18990,14.051819
18991,8.469084
18992,14.310115
18993,9.787798
18994,14.249841
18995,14.294726
18996,8.027156
18997,6.9593453
18998,9.107777
18999,7.0845137
19000,14.079103
19001,8.1050415
19002,8.698033
19003,14.226469
19004,7.354395
19005,7.4541926
19006,13.446194
19007,13.924488
19008,14.070145
19009,14.266023
19010,13.876135
19011,14.045768
19012,10.70319
19013,12.432506
19014,14.099899
19015,13.561557
19016,14.234069
19017,14.307895
19018,14.332856
19019,14.238159
19020,14.237534
19021,14.156616
19022,14.007934
19023,14.255448
19024,14.271219
19025,14.312642
19026,14.3417845
19027,14.325918
19028,14.262235
19029,14.336141
19030,11.139487
19031,9.4887
19032,13.504098
19033,14.258336
19034,14.277951
19035,8.03582
19036,13.796745
19037,14.157667
19038,14.061229
19039,14.261996
19040,14.243493
19041,14.270534
19042,8.581166
19043,13.515864
19044,13.864294
19045,14.295341
19046,14.279552
19047,12.90275
19048,7.917761
19049,14.004631
19050,13.6591625
19051,13.515883
19052,14.2005005
19053,14.182061
19054,14.276979
19055,8.7865505
19056,14.108881
19057,13.310649
19058,14.21333
19059,11.022353
19060,7.9474716
19061,8.544121
19062,14.155043
19063,14.307034
19064,14.106102
19065,14.009306
19066,10.229861
19067,13.900551
19068,11.136212
19069,7.573253
19070,7.634103
19071,13.625489
19072,9.652915
19073,10.534888
19074,13.103688
19075,12.636836
19076,11.534492
19077,9.88702
19078,7.3015513
19079,7.184299
19080,9.51049
19081,7.786551
19082,13.351745
19083,14.077886
19084,9.655934
19085,6.9673963
19086,6.533017
19087,10.396654
19088,6.829608
19089,6.5234437
19090,12.720874
19091,14.009689
19092,7.279206
19093,6.743645
19094,6.5591183
19095,6.6663113
19096,11.545589
19097,6.7884426
19098,6.324234
19099,7.1369796
19100,9.276785
19101,13.916492
19102,7.4389076
19103,6.48179
19104,7.4023128
19105,13.261808
19106,9.447623
19107,13.654325
19108,7.362835
19109,14.187591
19110,14.285701
19111,7.912649
19112,8.88678
19113,8.619186
19114,11.596994
19115,14.261004
19116,14.224087
19117,8.634097
19118,13.9481125
19119,6.8739347
19120,13.55777
19121,14.301184
19122,7.398126
19123,6.7346683
19124,6.5116935
19125,6.3302965
19126,8.184727
19127,13.79286
19128,14.212456
19129,8.763219
19130,13.889532
19131,13.094319
19132,14.242298
19133,7.723323
19134,7.346831
19135,6.548691
19136,7.5733266
19137,6.6642947
19138,13.906152
19139,7.646823
19140,13.195576
19141,13.348327
19142,6.7738514
19143,8.061824
19144,14.028227
19145,14.211821
19146,10.292314
19147,8.337343
19148,13.317882
19149,7.9756646
19150,9.156337
19151,13.557032
19152,14.204427
19153,11.517681
19154,14.277828
19155,12.200108
19156,7.6383104
19157,14.234459
19158,11.55497
19159,7.866871
19160,12.622585
19161,7.4128027
19162,10.281649
19163,7.0182943
19164,9.202997
19165,14.303225
19166,14.294612
19167,8.35385
19168,13.948979
19169,14.098747
19170,12.682999
19171,14.318807
19172,10.16091
19173,14.172248
19174,11.810082
19175,14.303065
19176,14.2838
19177,9.570346
19178,7.0597925
19179,14.24484
19180,14.194795
19181,14.332023
19182,8.948386
19183,14.232126
19184,14.285837
19185,14.328149
19186,14.321001
19187,14.351756
19188,14.349157
19189,14.201918
19190,13.848164
19191,14.324851
19192,14.31583
19193,14.275743
19194,14.251394
19195,14.276886
19196,13.466468
19197,8.465454
19198,10.230269
19199,9.462527
19200,9.482531
19201,14.14894
19202,14.249036
19203,14.222374
19204,14.28056
19205,14.311099
19206,13.756338
19207,11.557794
19208,10.86874
19209,14.293671
19210,9.747837
19211,9.948718
19212,8.866286
19213,9.641832
19214,13.361641
19215,13.418647
19216,10.490328
19217,13.94218
19218,14.202273
19219,8.290512
19220,12.710656
19221,13.617586
19222,13.398799
19223,10.469654
19224,8.325815
19225,14.047588
19226,13.889178
19227,13.268431
19228,14.16271
19229,14.135424
19230,11.356529
19231,14.057984
19232,13.897739
19233,9.597914
19234,11.231264
19235,13.861864
19236,7.9556565
19237,7.0807962
19238,8.865856
19239,9.173133
19240,8.650256
19241,7.2610655
19242,7.396233
19243,9.208943
19244,14.206045
19245,14.173699
19246,13.186643
19247,14.25879
19248,14.21801
19249,14.268353
19250,13.675062
19251,14.290957
19252,8.30011
19253,14.052923
19254,7.4343233
19255,7.058398
19256,7.0963583
19257,6.554474
19258,10.5619
19259,14.0674515
19260,7.2522717
19261,6.769776
19262,7.929193
19263,6.5974956
19264,7.4729567
19265,6.5382147
19266,6.1699886
19267,8.342852
19268,6.626971
19269,6.387735
19270,7.1023583
19271,13.525274
19272,14.107512
19273,7.3398433
19274,6.3705244
19275,6.938498
19276,6.386591
19277,6.158066
19278,8.783451
19279,9.200369
19280,9.995529
19281,6.664635
19282,10.56825
19283,7.001081
19284,11.786721
19285,14.050961
19286,14.287803
19287,9.396758
19288,14.207317
19289,13.604768
19290,14.016132
19291,13.553205
19292,14.048989
19293,14.267883
19294,14.296624
19295,13.274802
19296,7.1787443
19297,14.258197
19298,14.200236
19299,7.5245485
19300,13.726877
19301,10.769195
19302,13.743117
19303,7.5244803
19304,14.186944
19305,14.218053
19306,14.3054905
19307,8.30581
19308,7.506877
19309,14.236363
19310,14.237751
19311,8.0723295
19312,6.6075616
19313,6.790257
19314,7.7459655
19315,14.16859
19316,14.084608
19317,14.309736
19318,9.145998
19319,14.294202
19320,14.265605
19321,14.311305
19322,13.93652
19323,10.066154
19324,7.2798877
19325,14.039157
19326,14.225172
19327,8.651608
19328,8.553626
19329,9.663219
19330,14.208295
19331,9.853863
19332,7.3955655
19333,14.117584
19334,13.841867
19335,14.330556
19336,14.246513
19337,14.223528
19338,8.467051
19339,14.132101
19340,7.378234
19341,11.597237
19342,13.984317
19343,14.184751
19344,12.46222
19345,14.291706
19346,14.017815
19347,14.224578
19348,14.216263
19349,7.955767
19350,14.116244
19351,11.100666
19352,7.217727
19353,7.103528
19354,7.001668
19355,7.133072
19356,13.284712
19357,7.3228235
19358,10.960661
19359,14.27785
19360,14.004394
19361,10.828356
19362,6.9640274
19363,14.242746
19364,14.251208
19365,14.084796
19366,14.304269
19367,13.594046
19368,14.037044
19369,14.224831
19370,13.992513
19371,13.597694
19372,13.969727
19373,8.417488
19374,14.321259
19375,14.27628
19376,14.308509
19377,14.170435
19378,14.164277
19379,14.101311
19380,14.347366
19381,14.295425
19382,8.441792
19383,7.617962
19384,13.937524
19385,14.298374
19386,14.249625
19387,8.231899
19388,10.490342
19389,14.188792
19390,14.321837
19391,8.237237
19392,11.699504
19393,7.6883297
19394,13.783227
19395,7.240742
19396,13.522545
19397,14.31621
19398,8.304114
19399,14.249623
19400,14.292696
19401,14.160725
19402,9.420825
19403,14.319103
19404,8.892433
19405,9.118419
19406,13.050124
19407,10.018503
19408,7.466175
19409,6.7897296
19410,6.969537
19411,6.7783556
19412,6.631256
19413,6.6488066
19414,7.063256
19415,14.039576
19416,8.220473
19417,6.6704946
19418,6.599608
19419,13.805239
19420,6.778373
19421,6.8581076
19422,11.060065
19423,14.106792
19424,14.159361
19425,7.2028127
19426,6.542764
19427,6.6277523
19428,7.467243
19429,9.302902
19430,13.81935
19431,7.082393
19432,8.382712
19433,13.995991
19434,14.222735
19435,14.273068
19436,14.317507
19437,9.818311
19438,6.8754606
19439,11.225881
19440,7.395556
19441,6.957364
19442,7.6857877
19443,13.391906
19444,10.849889
19445,7.295507
19446,12.920519
19447,9.317684
19448,6.829909
19449,6.5188427
19450,9.97425
19451,8.935986
19452,12.285366
19453,14.051777
19454,14.085691
19455,13.197464
19456,14.285474
19457,12.132911
19458,7.512626
19459,6.749928
19460,14.088938
19461,7.200237
19462,6.53638
19463,11.981412
19464,6.4322877
19465,6.156309
19466,12.012705
19467,7.038119
19468,14.012652
19469,13.667885
19470,7.316205
19471,6.6939745
19472,12.0223675
19473,7.028181
19474,6.169801
19475,6.110444
19476,6.056441
19477,6.0706315
19478,7.675884
19479,11.685529
19480,8.152124
19481,12.910837
19482,9.389902
19483,12.758317
19484,9.64643
19485,11.419098
19486,11.529075
19487,14.206809
19488,7.0596247
19489,14.177567
19490,14.250888
19491,13.689607
19492,7.067171
19493,14.2382765
19494,8.9442425
19495,6.4898887
19496,6.2894564
19497,6.108366
19498,5.9172287
19499,8.324995
19500,14.119126
19501,14.251457
19502,14.32538
19503,8.752098
19504,13.346055
19505,8.335682
19506,6.897257
19507,6.7669373
19508,6.0915856
19509,6.1259933
19510,6.003173
19511,5.894523
19512,5.767618
19513,5.660623
19514,6.129594
19515,6.0720234
19516,5.7334476
19517,7.0229607
19518,5.8361835
19519,5.653153
19520,5.5501504
19521,5.304515
19522,11.034338
19523,6.4001837
19524,13.610058
19525,6.8447824
19526,14.103183
19527,6.7798376
19528,5.911227
19529,6.9908137
19530,14.077479
19531,6.8215413
19532,8.76551
19533,6.65389
19534,5.96489
19535,6.7382817
19536,6.855502
19537,8.485594
19538,7.025092
19539,9.729696
19540,12.713087
19541,6.6858687
19542,12.953
19543,14.193553
19544,13.979451
19545,11.518812
19546,7.506918
19547,6.358586
19548,6.3675795
19549,5.7830596
19550,5.775312
19551,5.5336995
19552,5.414293
19553,5.4294577
19554,6.3999567
19555,8.211483
19556,9.697569
19557,14.165526
19558,7.99633
19559,14.238052
19560,8.161972
19561,14.220079
19562,6.8103647
19563,6.4526434
19564,5.8914943
19565,5.7416577
19566,9.606774
19567,8.506995
19568,6.2459183
19569,5.8298407
19570,5.907652
19571,7.2154183
19572,6.079843
19573,13.890006
19574,13.255394
19575,9.776398
19576,6.192264
19577,9.1192465
19578,8.585339
19579,14.160239
19580,7.1367207
19581,6.3767524
19582,6.2479644
19583,5.9477177
19584,6.9829984
19585,6.155588
19586,8.419435
19587,14.0662155
19588,7.0380926
19589,9.018506
19590,7.0508957
19591,8.625781
19592,7.1910586
19593,6.2241344
19594,5.9796166
19595,13.081939
19596,13.215317
19597,7.68226
19598,14.045597
19599,11.574741
19600,14.212874
19601,6.798236
19602,7.170244
19603,12.062504
19604,13.523149
19605,10.0349455
19606,6.4261165
19607,6.1754823
19608,6.0610867
19609,5.7967277
19610,9.63209
19611,14.2437
19612,12.218509
19613,14.070125
19614,14.310987
19615,14.284089
19616,13.692944
19617,12.96414
19618,13.8405285
19619,8.391854
19620,7.0465937
19621,12.5736475
19622,14.307416
19623,14.268312
19624,8.341549
19625,7.7071877
19626,9.163699
19627,6.6758814
19628,6.4221783
19629,6.277579
19630,12.832956
19631,14.252544
19632,13.9004755
19633,7.1468754
19634,14.242533
19635,14.291219
19636,14.259974
19637,8.437498
19638,7.1705604
19639,12.205271
19640,14.170958
19641,7.2139993
19642,6.7687573
19643,14.019891
19644,14.26964
19645,14.267953
19646,14.197215
19647,14.337977
19648,11.592263
19649,13.32958
19650,14.182436
19651,9.472854
19652,12.7161045
19653,13.84221
19654,14.237154
19655,14.289477
19656,14.347429
19657,14.130282
19658,14.318681
19659,9.288278
19660,7.8864183
19661,7.2573977
19662,9.3988085
19663,10.579571
19664,13.621072
19665,9.567986
19666,8.487946
19667,13.712089
19668,7.5482826
19669,7.7076616
19670,7.0746603
19671,6.7761006
19672,6.476864
19673,13.177971
19674,14.252091
19675,10.790952
19676,13.863915
19677,7.1321464
19678,7.203661
19679,7.7152443
19680,7.9114494
19681,6.6589074
19682,10.203041
19683,12.485466
19684,14.189799
19685,14.063397
19686,7.1798916
19687,7.4086566
19688,6.685743
19689,12.8261595
19690,7.2099385
19691,14.233732
19692,7.233423
19693,6.677822
19694,6.6510835
19695,10.340538
19696,12.32144
19697,14.26632
19698,9.7391205
19699,12.285733
19700,14.272989
19701,7.5672007
19702,6.6212845
19703,6.4837065
19704,12.76347
19705,13.964695
19706,14.175522
19707,13.505049
19708,7.036098
19709,13.078643
19710,10.307291
19711,7.4372888
19712,6.5070868
19713,13.80651
19714,7.0453463
19715,14.234072
19716,6.9790316
19717,13.872755
19718,14.185094
19719,12.081971
19720,7.47191
19721,11.5443735
19722,14.252985
19723,8.245573
19724,14.225606
19725,14.176302
19726,9.191678
19727,7.361137
19728,6.8609667
19729,14.085755
19730,9.19779
19731,7.8109736
19732,6.7761354
19733,6.9564514
19734,9.737954
19735,6.581489
19736,7.308333
19737,6.767275
19738,13.926693
19739,14.073445
19740,14.290883
19741,14.12794
19742,14.306082
19743,14.340061
19744,14.346222
19745,8.406462
19746,14.111792
19747,14.2314825
19748,10.155507
19749,7.274947
19750,6.894765
19751,7.265938
19752,9.584688
19753,6.8248115
19754,14.046381
19755,14.006447
19756,7.4508305
19757,6.947505
19758,6.7111044
19759,6.4276385
19760,13.905992
19761,12.322893
19762,14.325751
19763,11.675372
19764,13.878801
19765,14.272928
19766,14.287974
19767,13.8992195
19768,8.772379
19769,6.831541
19770,6.7110143
19771,6.4090953
19772,8.5603895
19773,7.3224177
19774,9.596314
19775,6.870499
19776,10.351384
19777,14.218618
19778,14.321354
19779,7.7839875
19780,7.361886
19781,6.9901896
19782,6.582103
19783,6.1789126
19784,8.072424
19785,14.234618
19786,6.975589
19787,12.307859
19788,13.622781
19789,8.619618
19790,6.878178
19791,6.842431
19792,6.821925
19793,6.8780026
19794,11.75294
19795,7.06469
19796,6.4044666
19797,13.32403
19798,14.239038
19799,7.7380924
19800,14.233475
19801,14.3009205
19802,9.5507765
19803,14.322537
19804,8.110649
19805,7.148747
19806,6.530543
19807,6.8814898
19808,7.975075
19809,6.7195354
19810,7.161904
19811,14.250417
19812,7.123665
19813,9.38361
19814,10.938383
19815,14.209745
19816,12.545183
19817,8.893697
19818,13.72813
19819,8.493225
19820,6.6325874
19821,13.966647
19822,14.318204
19823,14.2620735
19824,14.057503
19825,8.634408
19826,11.0807495
19827,13.747777
19828,13.978301
19829,14.091935
19830,14.254432
19831,13.266716
19832,14.306173
19833,14.3327875
19834,14.334317
19835,14.068459
19836,7.6465354
19837,14.259562
19838,14.289469
19839,7.9074244
19840,14.083628
19841,11.760294
19842,7.871999
19843,14.118298
19844,9.255155
19845,8.969118
19846,7.7612777
19847,6.903663
19848,9.359454
19849,10.441465
19850,9.106804
19851,12.269099
19852,8.620187
19853,7.726643
19854,7.2166204
19855,8.001507
19856,9.978126
19857,10.118298
19858,12.058776
19859,13.330971
19860,7.772157
19861,7.633406
19862,6.693648
19863,10.468823
19864,7.2476206
19865,7.5744314
19866,9.031531
19867,12.4799385
19868,9.024668
19869,8.78598
19870,9.161049
19871,8.773313
19872,6.631772
19873,7.109399
19874,12.937058
19875,6.71436
19876,6.5652742
19877,11.315273
19878,9.361159
19879,14.197252
19880,11.68382
19881,9.001379
19882,9.467951
19883,6.7598386
19884,7.585712
19885,6.6007795
19886,11.8427
19887,9.309761
19888,6.5314846
19889,6.375033
19890,6.2398014
19891,5.9911976
19892,8.394817
19893,6.8255124
19894,12.884243
19895,14.035388
19896,14.196119
19897,14.311094
19898,8.576776
19899,14.013056
19900,7.695794
19901,13.264396
19902,14.225708
19903,8.73241
19904,8.632524
19905,13.6401415
19906,14.1138315
19907,14.317068
19908,14.334573
19909,7.284509
19910,14.310061
19911,14.275995
19912,13.886896
19913,14.307834
19914,14.263453
19915,9.948915
19916,8.103885
19917,7.0825524
19918,13.041789
19919,14.213135
19920,7.7389927
19921,12.154895
19922,13.246481
19923,14.233359
19924,14.262074
19925,8.0311165
19926,14.220469
19927,9.005444
19928,8.603099
19929,14.246544
19930,14.192562
19931,7.682076
19932,7.0341554
19933,8.001999
19934,7.2034345
19935,14.289301
19936,14.079202
19937,8.3686495
19938,12.891441
19939,11.978342
19940,7.035905
19941,8.354633
19942,6.6076636
19943,12.924154
19944,9.811645
19945,13.696151
19946,9.35199
19947,14.074654
19948,13.100508
19949,14.229375
19950,8.222569
19951,7.021101
19952,8.412548
19953,6.5121074
19954,8.683343
19955,8.899367
19956,13.857974
19957,10.074119
19958,8.257588
19959,13.862002
19960,7.73398
19961,8.727488
19962,11.060947
19963,14.290796
19964,14.287018
19965,9.3159485
19966,11.803529
19967,14.298976
19968,8.253884
19969,12.699528
19970,7.1910534
19971,6.7644815
19972,6.6260166
19973,6.28079
19974,6.2160873
19975,10.451117
19976,7.7045884
19977,6.608848
19978,9.658262
19979,7.006899
19980,13.199811
19981,8.579081
19982,7.605277
19983,10.329833
19984,10.481634
19985,6.710978
19986,6.286517
19987,13.619646
19988,10.3026905
19989,8.639597
19990,7.668038
19991,11.666403
19992,7.3264346
19993,12.542508
19994,13.909973
19995,11.408837
19996,8.038502
19997,12.709866
19998,9.21545
19999,14.086258
20000,14.165529
20001,8.390088
20002,14.249808
20003,14.306916
20004,14.208973
20005,14.278895
20006,14.291151
20007,7.6367273
20008,7.215576
20009,8.15228
20010,6.8781238
20011,13.654413
20012,6.977892
20013,6.640901
20014,10.687988
20015,6.6138883
20016,6.364811
20017,6.2587333
20018,8.740495
20019,13.468294
20020,14.254214
20021,7.1306763
20022,11.606786
20023,9.292352
20024,14.247433
20025,11.380405
20026,8.923492
20027,9.124717
20028,7.361147
20029,6.354449
20030,6.424386
20031,14.059137
20032,12.682704
20033,13.89806
20034,14.247304
20035,12.999653
20036,14.236126
20037,13.954995
20038,13.898097
20039,7.8800197
20040,13.813179
20041,11.926997
20042,14.02874
20043,14.271153
20044,14.324811
20045,14.191654
20046,7.8742824
20047,11.165794
20048,7.9732666
20049,9.175702
20050,13.637606
20051,10.544186
20052,14.20544
20053,13.657385
20054,7.8942785
20055,12.282589
20056,11.640653
20057,11.102204
20058,14.288015
20059,7.8863196
20060,12.872149
20061,13.979132
20062,14.2568245
20063,14.244052
20064,14.341422
20065,14.234889
20066,14.010776
20067,14.269611
20068,14.2311125
20069,14.043
20070,14.18913
20071,14.008226
20072,7.69231
20073,9.080785
20074,10.947161
20075,13.958974
20076,9.838322
20077,10.149397
20078,12.279454
20079,14.223617
20080,14.052329
20081,8.13358
20082,13.827581
20083,7.60843
20084,14.010238
20085,12.826664
20086,7.3214645
20087,9.763496
20088,7.4469476
20089,7.9779124
20090,14.256521
20091,14.149345
20092,14.115354
20093,14.330365
20094,13.11533
20095,14.275683
20096,13.941037
20097,9.489746
20098,14.325255
20099,14.083454
20100,12.34993
20101,14.294311
20102,14.200569
20103,14.036529
20104,14.341715
20105,13.504102
20106,14.267754
20107,10.233619
20108,12.051651
20109,14.032864
20110,14.254395
20111,14.165983
20112,14.006802
20113,12.501939
20114,9.927415
20115,13.720461
20116,10.601009
20117,14.081099
20118,8.042731
20119,7.2338605
20120,12.462843
20121,13.845803
20122,7.6064425
20123,14.264724
20124,13.7328615
20125,8.253142
20126,13.514736
20127,10.178189
20128,14.017118
20129,14.214284
20130,13.891879
20131,14.242461
20132,9.5506525
20133,10.615683
20134,11.146642
20135,7.809173
20136,11.201441
20137,14.123452
20138,13.293392
20139,14.291529
20140,14.099937
20141,13.971585
20142,14.309869
20143,14.151599
20144,14.218149
20145,9.503762
20146,8.237376
20147,14.039263
20148,14.007478
20149,8.241741
20150,7.494209
20151,14.194235
20152,8.928526
20153,13.067886
20154,14.140864
20155,7.7877455
20156,7.0413237
20157,14.0229845
20158,14.228788
20159,14.332139
20160,11.310667
20161,13.814502
20162,8.353101
20163,7.3082347
20164,14.216709
20165,10.376455
20166,7.805957
20167,14.261862
20168,8.786739
20169,7.3799467
20170,9.697217
20171,7.5155773
20172,10.565004
20173,13.983729
20174,10.329198
20175,11.156382
20176,13.057621
20177,14.191549
20178,14.263338
20179,10.993444
20180,13.813597
20181,14.166042
20182,7.718883
20183,6.955806
20184,7.1337852
20185,11.397544
20186,9.418949
20187,9.286485
20188,9.724614
20189,13.891224
20190,13.946249
20191,14.133839
20192,7.9925485
20193,10.529151
20194,7.7782564
20195,7.4667287
20196,9.636603
20197,14.306371
20198,14.334938
20199,12.237379
20200,7.7003818
20201,13.795046
20202,14.25819
20203,12.184612
20204,14.294255
20205,8.43183
20206,11.721229
20207,10.875499
20208,7.6658278
20209,9.107549
20210,8.57341
20211,7.6738343
20212,13.017883
20213,7.006399
20214,13.252268
20215,14.292732
20216,14.276232
20217,9.962011
20218,9.532478
20219,9.7355585
20220,8.77279
20221,6.7045226
20222,6.676659
20223,13.674884
20224,7.3031297
20225,6.617569
20226,8.975892
20227,7.055371
20228,7.980958
20229,6.4836807
20230,6.3418
20231,8.819877
20232,14.24616
20233,7.126933
20234,6.7959795
20235,6.4623423
20236,13.038588
20237,14.203008
20238,12.444398
20239,7.360861
20240,7.0945787
20241,7.40735
20242,7.094439
20243,11.922573
20244,6.947013
20245,6.6613917
20246,6.188344
20247,6.0529313
20248,6.000135
20249,8.931128
20250,6.436404
20251,6.0077844
20252,9.776283
20253,13.307835
20254,6.9647775
20255,5.960646
20256,6.061778
20257,6.018426
20258,5.5848646
20259,6.4504113
20260,11.061603
20261,13.874869
20262,14.162606
20263,6.8897467
20264,6.195481
20265,13.612465
20266,13.458565
20267,14.183069
20268,14.156779
20269,14.277933
20270,14.30921
20271,14.301045
20272,14.227645
20273,14.327373
20274,14.281843
20275,14.32794
20276,14.217359
20277,7.8747096
20278,6.7832446
20279,10.851437
20280,13.972696
20281,12.76823
20282,13.276173
20283,10.112055
20284,12.999547
20285,7.1761856
20286,14.220222
20287,14.3042145
20288,7.590075
20289,14.162778
20290,14.331692
20291,14.339262
20292,14.346981
20293,14.333569
20294,14.205365
20295,14.293352
20296,14.308596
20297,14.22366
20298,14.273416
20299,14.317709
20300,14.335385
20301,8.558185
20302,14.162787
20303,14.274896
20304,14.233884
20305,14.2678585
20306,14.332619
20307,14.32719
20308,14.348815
20309,14.334698
20310,14.337869
20311,14.291184
20312,14.259175
20313,10.765842
20314,14.10895
20315,14.110386
20316,14.259808
20317,14.283508
20318,8.772499
20319,14.128972
20320,9.925514
20321,13.504895
20322,11.239697
20323,9.859004
20324,14.083602
20325,14.304378
20326,14.237997
20327,14.30587
20328,14.3394165
20329,14.224404
20330,14.302589
20331,14.300578
20332,10.938862
20333,14.063903
20334,14.321484
20335,11.111546
20336,14.2055435
20337,8.593801
20338,11.276072
20339,14.198313
20340,8.994214
20341,12.891018
20342,14.031531
20343,14.331671
20344,14.232647
20345,9.266386
20346,11.299134
20347,14.320803
20348,14.238314
20349,8.496138
20350,11.79326
20351,13.7277775
20352,14.31818
20353,14.29155
20354,14.191878
20355,14.278719
20356,14.016884
20357,13.759085
20358,14.272793
20359,14.30515
20360,9.808313
20361,14.13518
20362,14.246309
20363,14.34302
20364,14.345
20365,14.349026
20366,13.972169
20367,10.7811165
20368,14.325904
20369,14.335625
20370,9.327888
20371,10.040549
20372,9.374977
20373,14.084842
20374,8.219817
20375,7.098636
20376,13.115556
20377,12.753701
20378,7.427735
20379,6.80103
20380,6.9301505
20381,13.638154
20382,14.215683
20383,13.626801
20384,8.869367
20385,13.272042
20386,13.803955
20387,7.669426
20388,7.458615
20389,7.2329426
20390,6.708798
20391,6.557191
20392,6.699655
20393,6.303966
20394,7.412781
20395,6.6929
20396,6.254062
20397,7.753885
20398,11.931082
20399,7.2179003
20400,7.9721403
20401,6.7240186
20402,10.530975
20403,12.411792
20404,6.7192893
20405,7.2103376
20406,6.768623
20407,13.690454
20408,8.823265
20409,6.8344235
20410,7.505662
20411,6.5566454
20412,6.361001
20413,6.1913047
20414,7.613829
20415,8.743876
20416,13.89587
20417,6.639788
20418,13.928427
20419,8.593754
20420,6.7213106
20421,6.2222548
20422,6.0463095
20423,6.2370253
20424,6.245741
20425,5.695555
20426,7.8718376
20427,6.0644636
20428,7.4544597
20429,14.127654
20430,13.765822
20431,7.612735
20432,14.0115185
20433,14.042707
20434,14.2445965
20435,14.231115
20436,8.996501
20437,13.960791
20438,7.572697
20439,6.5265145
20440,9.918564
20441,8.569875
20442,6.486331
20443,11.195444
20444,7.946992
20445,6.5195837
20446,7.337089
20447,6.330876
20448,5.985302
20449,5.925152
20450,7.420793
20451,6.4688897
20452,13.774094
20453,13.968604
20454,7.009
20455,14.196542
20456,7.0419717
20457,6.785496
20458,6.309387
20459,6.0355945
20460,12.051691
20461,10.253845
20462,8.198447
20463,7.4748683
20464,13.21319
20465,6.9453874
20466,6.369308
20467,6.1438737
20468,13.976664
20469,13.789262
20470,6.7498026
20471,14.208166
20472,7.037559
20473,14.166485
20474,13.802846
20475,6.7515955
20476,14.235774
20477,13.676664
20478,6.4448395
20479,6.4347324
20480,5.952792
20481,6.028869
20482,9.164142
20483,6.527429
20484,6.1570387
20485,12.724914
20486,9.262846
20487,14.133067
20488,8.512097
20489,6.697897
20490,6.5190043
20491,5.963303
20492,8.099501
20493,7.3048525
20494,6.1876984
20495,5.818417
20496,5.448547
20497,5.5978937
20498,5.430825
20499,5.2412524
20500,9.014321
20501,14.224443
20502,11.727554
20503,13.961816
20504,10.013685
20505,6.3846636
20506,6.126465
20507,5.9544897
20508,5.7237043
20509,5.7805767
20510,5.728015
20511,5.607506
20512,5.408973
20513,5.437747
20514,4.9630837
20515,5.2645245
20516,5.0428877
20517,7.5988026
20518,10.39898
20519,8.179
20520,6.1742024
20521,5.546261
20522,5.854551
20523,5.6368523
20524,6.5458374
20525,10.939974
20526,6.988882
20527,5.6345882
20528,7.0041647
20529,10.0970955
20530,13.893267
20531,6.4442806
20532,5.700193
20533,5.6438684
20534,5.6061997
20535,5.256593
20536,5.948967
20537,5.5933924
20538,5.2557416
20539,11.0221
20540,5.997586
20541,5.6314707
20542,13.846689
20543,6.2941933
20544,5.3580623
20545,5.2842517
20546,4.9202743
20547,4.936934
20548,5.305847
20549,5.082238
20550,9.796676
20551,13.01278
20552,6.0194564
20553,5.4295654
20554,5.1767945
20555,5.3542695
20556,10.086075
20557,11.06065
20558,6.5514774
20559,8.118556
20560,5.7453365
20561,13.977323
20562,6.2631946
20563,5.661305
20564,7.184386
20565,5.690494
20566,5.527818
20567,10.383969
20568,5.8396416
20569,6.0430775
20570,5.4339542
20571,6.0582385
20572,10.176758
20573,6.6873436
20574,6.8821187
20575,6.243745
20576,13.754375
20577,8.827038
20578,8.119813
20579,5.9844275
20580,5.8233304
20581,8.352758
20582,5.997251
20583,11.641947
20584,6.0261445
20585,12.891154
20586,6.141808
20587,7.011343
20588,12.949008
20589,9.654278
20590,7.1637697
20591,9.586301
20592,9.286113
20593,6.177659
20594,6.2293916
20595,7.325182
20596,9.950615
20597,6.821227
20598,14.006716
20599,14.055068
20600,9.041067
20601,6.164011
20602,7.112912
20603,11.051315
20604,13.766207
20605,7.083306
20606,6.307178
20607,6.5502276
20608,13.659129
20609,12.88785
20610,6.6927133
20611,6.604761
20612,6.8756647
20613,11.432594
20614,14.2656975
20615,14.132235
20616,14.268187
20617,14.230256
20618,7.6669745
20619,10.973375
20620,8.154956
20621,7.44094
20622,7.816738
20623,6.417994
20624,13.976087
20625,14.232429
20626,6.922602
20627,6.4686923
20628,6.3349714
20629,12.52048
20630,13.896708
20631,9.415338
20632,8.498073
20633,11.658235
20634,11.292473
20635,13.755106
20636,11.987265
20637,7.2374697
20638,10.790986
20639,6.738642
20640,14.1157675
20641,7.6060023
20642,9.31179
20643,7.0330076
20644,6.5141106
20645,6.536098
20646,11.193297
20647,7.0721645
20648,7.1123624
20649,6.7448616
20650,7.44876
20651,8.145793
20652,8.337432
20653,6.5391455
20654,6.0635796
20655,6.9300337
20656,11.782178
20657,14.207768
20658,7.131486
20659,6.533217
20660,5.961017
20661,5.934196
20662,5.8474193
20663,6.901145
20664,7.5969067
20665,8.485488
20666,13.609976
20667,6.7606015
20668,6.472022
20669,13.884005
20670,13.889175
20671,14.246525
20672,14.334379
20673,14.24034
20674,9.516228
20675,14.098632
20676,7.042382
20677,14.211649
20678,8.631484
20679,7.334371
20680,14.115654
20681,14.21475
20682,11.505837
20683,14.10262
20684,14.114317
20685,14.278303
20686,7.947214
20687,6.7463493
20688,7.4784746
20689,7.147359
20690,6.8998485
20691,13.788194
20692,7.460152
20693,6.9574485
20694,10.544953
20695,10.0714245
20696,7.059421
20697,7.2450075
20698,9.468737
20699,13.27429
20700,6.901438
20701,6.3571997
20702,7.6080227
20703,6.9396615
20704,6.3517704
20705,6.082183
20706,5.9841785
20707,5.926607
20708,8.69014
20709,14.084537
20710,14.230188
20711,7.3889914
20712,11.110922
20713,7.14941
20714,6.606695
20715,6.2123957
20716,14.078735
20717,6.8803716
20718,13.946374
20719,13.974578
20720,7.394722
20721,7.092219
20722,6.4613705
20723,6.2339826
20724,11.840499
20725,6.8408937
20726,6.007927
20727,5.8831353
20728,6.0965343
20729,13.582883
20730,6.591472
20731,6.3213873
20732,7.937277
20733,8.904455
20734,12.53526
20735,11.5006485
20736,7.0623503
20737,10.072995
20738,11.381651
20739,11.048669
20740,10.320907
20741,14.236459
20742,8.684916
20743,6.489789
20744,6.1851096
20745,11.751218
20746,13.943339
20747,6.635566
20748,11.2141695
20749,9.749836
20750,9.235308
20751,7.1185975
20752,13.5443535
20753,7.5584188
20754,6.113936
20755,5.9506216
20756,5.7352986
20757,7.8684945
20758,7.0071087
20759,14.198628
20760,6.5392942
20761,7.0647273
20762,6.349599
20763,11.144196
20764,6.1922665
20765,10.635291
20766,14.206139
20767,13.891483
20768,7.6964984
20769,13.894127
20770,14.271684
20771,7.4799333
20772,9.457549
20773,10.621099
20774,13.9856615
20775,7.6875963
20776,14.127032
20777,14.29061
20778,10.173049
20779,7.0762453
20780,6.187012
20781,6.122993
20782,6.20536
20783,5.8741236
20784,6.9644547
20785,7.1642203
20786,5.837171
20787,6.9242034
20788,7.4922733
20789,13.93463
20790,14.284265
20791,6.789627
20792,13.995448
20793,14.248956
20794,11.866154
20795,7.0909095
20796,9.406043
20797,6.5821023
20798,7.0741024
20799,13.9494505
20800,7.206482
20801,6.460233
20802,13.802145
20803,13.8361
20804,6.8725734
20805,13.644291
20806,7.0365047
20807,8.692984
20808,6.553274
20809,6.005397
20810,14.138535
20811,6.79264
20812,8.126054
20813,10.718642
20814,14.258993
20815,14.193171
20816,14.294557
20817,14.301477
20818,14.347062
20819,14.308302
20820,14.296399
20821,14.329496
20822,13.703662
20823,14.117714
20824,13.713649
20825,14.197203
20826,14.280223
20827,14.279308
20828,12.155417
20829,14.31526
20830,14.277999
20831,9.565346
20832,7.3684387
20833,14.020572
20834,14.27407
20835,14.112619
20836,14.289963
20837,9.639681
20838,13.896569
20839,11.106927
20840,14.297762
20841,9.331401
20842,7.079068
20843,7.672684
20844,11.189728
20845,7.5029974
20846,6.929403
20847,6.706947
20848,6.5304956
20849,6.640424
20850,6.404026
20851,6.755712
20852,6.456802
20853,6.324316
20854,6.133847
20855,5.9281793
20856,5.8317885
20857,5.8048506
20858,5.6508627
20859,7.2570887
20860,14.193584
20861,13.976266
20862,12.704567
20863,13.952381
20864,13.112389
20865,13.460701
20866,10.255054
20867,9.048695
20868,7.0774517
20869,13.960985
20870,7.127808
20871,13.144058
20872,7.0960746
20873,14.2067
20874,14.316042
20875,7.6020412
20876,6.8297434
20877,6.760497
20878,12.229616
20879,13.500904
20880,9.669385
20881,7.37203
20882,6.896558
20883,6.1255317
20884,8.337468
20885,6.71469
20886,6.116496
20887,5.95283
20888,5.634459
20889,5.6637154
20890,5.4915648
20891,5.33276
20892,5.2818565
20893,5.2986474
20894,5.221363
20895,5.1377034
20896,4.8996882
20897,5.04008
20898,4.941889
20899,4.9494357
20900,5.2331896
20901,9.475035
20902,11.941948
20903,6.093089
20904,13.885053
20905,6.1030326
20906,5.353759
20907,5.4252677
20908,5.1051774
20909,5.1220107
20910,13.107184
20911,5.9428706
20912,6.0313406
20913,5.540022
20914,7.998497
20915,8.94252
20916,6.0355606
20917,5.846632
20918,13.950687
20919,14.106336
20920,6.893079
20921,14.1151905
20922,14.276432
20923,14.292055
20924,6.986793
20925,10.44116
20926,6.9870143
20927,6.245063
20928,5.839676
20929,6.149192
20930,14.107228
20931,13.639647
20932,7.8831077
20933,6.1917944
20934,6.4117236
20935,13.599017
20936,10.575364
20937,6.611548
20938,14.156616
20939,14.287899
20940,13.735189
20941,7.26971
20942,12.039109
20943,14.260999
20944,8.206832
20945,14.270062
20946,11.157431
20947,12.86014
20948,7.928649
20949,9.068222
20950,6.982328
20951,7.4022145
20952,12.362055
20953,6.5286307
20954,6.3746986
20955,6.241194
20956,6.2051353
20957,5.912957
20958,5.8901463
20959,6.853358
20960,6.0154667
20961,13.909455
20962,6.690929
20963,6.0626965
20964,5.661883
20965,5.6974463
20966,6.1463833
20967,5.710952
20968,5.687317
20969,11.230365
20970,6.1749763
20971,5.702772
20972,5.6575937
20973,5.5415964
20974,5.444598
20975,6.7780685
20976,13.925274
20977,6.380936
20978,14.081322
20979,14.241892
20980,8.740297
20981,10.147523
20982,14.276098
20983,7.958737
20984,6.178871
20985,7.06914
20986,6.4094644
20987,8.939561
20988,11.15647
20989,14.209097
20990,14.218355
20991,7.034781
20992,6.302946
20993,9.421117
20994,6.8129787
20995,13.378002
20996,7.2333984
20997,6.0294337
20998,6.5123153
20999,6.1887608
21000,13.859037
21001,14.041554
21002,13.961478
21003,7.2494535
21004,6.0676584
21005,5.962732
21006,5.943983
21007,5.4502015
21008,8.220294
21009,14.121244
21010,13.299201
21011,13.970707
21012,14.251542
21013,14.246586
21014,7.7364235
21015,6.5830364
21016,6.7266755
21017,6.17665
21018,12.816314
21019,14.276762
21020,14.2723055
21021,14.306557
21022,14.263252
21023,9.593999
21024,14.192869
21025,13.838977
21026,14.221725
21027,12.762476
21028,7.4634743
21029,11.544082
21030,8.643463
21031,13.962256
21032,14.262177
21033,14.065771
21034,13.547608
21035,13.976443
21036,14.300882
21037,8.875998
21038,7.048829
21039,6.9872537
21040,7.410795
21041,6.534315
21042,6.507379
21043,13.066153
21044,6.9513297
21045,12.092706
21046,13.935625
21047,14.185482
21048,8.226302
21049,6.8205047
21050,7.8948636
21051,14.250005
21052,14.231534
21053,7.2404313
21054,6.701121
21055,6.6400504
21056,13.555405
21057,14.138411
21058,7.698553
21059,14.255108
21060,7.8467913
21061,13.998327
21062,14.300227
21063,7.564343
21064,14.13024
21065,8.870091
21066,7.184671
21067,7.865872
21068,7.0086756
21069,6.790028
21070,8.6955185
21071,6.5213017
21072,7.767582
21073,6.7249603
21074,9.569029
21075,14.164223
21076,14.310804
21077,10.465412
21078,6.988723
21079,8.048998
21080,7.225489
21081,12.210217
21082,13.127007
21083,14.206907
21084,14.286254
21085,14.319887
21086,14.254493
21087,14.313481
21088,14.317125
21089,14.290746
21090,14.331944
21091,14.279192
21092,14.297687
21093,14.1776285
21094,14.189112
21095,14.300595
21096,14.307692
21097,14.210456
21098,14.230456
21099,13.804308
21100,14.330004
21101,14.329198
21102,9.223904
21103,14.20307
21104,14.2933445
21105,14.308357
21106,14.299207
21107,14.221455
21108,14.318679
21109,10.663625
21110,7.3250146
21111,11.823491
21112,8.281581
21113,9.069804
21114,7.2020864
21115,6.9747634
21116,14.269218
21117,9.185269
21118,6.829011
21119,14.228382
21120,14.324981
21121,14.283243
21122,8.8379135
21123,10.101184
21124,7.2446394
21125,7.3160257
21126,8.902196
21127,14.272619
21128,14.318426
21129,14.3386545
21130,14.139862
21131,14.287582
21132,14.233044
21133,13.993358
21134,14.329527
21135,14.011942
21136,14.225164
21137,14.218461
21138,14.317291
21139,9.220443
21140,14.32161
21141,14.3472805
21142,14.234653
21143,8.538396
21144,14.218995
21145,13.593877
21146,7.7669573
21147,12.727121
21148,7.0706077
21149,7.176562
21150,6.7810707
21151,6.5576773
21152,6.6592097
21153,6.7113004
21154,6.536604
21155,8.128728
21156,7.6148777
21157,14.215335
21158,13.4058275
21159,7.0544496
21160,13.548846
21161,7.1044207
21162,6.6094136
21163,8.892995
21164,7.2953553
21165,6.428283
21166,7.698559
21167,6.5680423
21168,6.293312
21169,6.018089
21170,5.903651
21171,6.0095987
21172,6.0480366
21173,5.844291
21174,5.8303566
21175,5.562052
21176,7.1707435
21177,14.054117
21178,6.7096324
21179,6.0596223
21180,5.827821
21181,5.700734
21182,7.4087515
21183,6.06348
21184,5.878436
21185,5.737098
21186,8.129498
21187,6.5343423
21188,6.806163
21189,6.032926
21190,5.67356
21191,5.667443
21192,5.3571525
21193,5.3463793
21194,5.1520824
21195,5.0513906
21196,5.0023074
21197,4.857404
21198,4.672715
21199,4.6086917
21200,8.068919
21201,5.589153
21202,7.6079597
21203,5.5033784
21204,5.1305547
21205,4.950146
21206,6.5813975
21207,5.464684
21208,4.9612594
21209,4.694877
21210,4.7987127
21211,4.6302967
21212,4.627614
21213,4.733229
21214,5.1794033
21215,9.587366
21216,8.2453165
21217,5.378423
21218,8.611702
21219,5.8423066
21220,5.1792707
21221,13.867564
21222,5.641646
21223,5.2762513
21224,5.1292653
21225,4.852999
21226,5.184238
21227,9.362082
21228,8.086865
21229,6.488469
21230,5.8751984
21231,5.580199
21232,7.9253
21233,9.827225
21234,9.462569
21235,6.1301928
21236,5.6187267
21237,13.9958935
21238,12.876478
21239,14.225265
21240,7.171552
21241,6.265704
21242,11.928229
21243,7.0675006
21244,5.9057975
21245,6.5076575
21246,5.653532
21247,9.238352
21248,5.819062
21249,5.9080825
21250,5.501677
21251,11.205498
21252,13.463554
21253,6.8681517
21254,5.914425
21255,5.7182555
21256,5.387119
21257,6.3350034
21258,5.9002385
21259,5.411782
21260,8.340408
21261,13.2352295
21262,8.282915
21263,6.258435
21264,6.542375
21265,14.013414
21266,6.5862017
21267,13.524871
21268,9.264171
21269,6.698306
21270,14.093632
21271,14.152796
21272,13.629051
21273,14.203583
21274,14.185501
21275,14.041393
21276,12.895749
21277,8.08292
21278,7.044602
21279,6.1811695
21280,6.041849
21281,5.981855
21282,7.0854435
21283,9.31683
21284,6.282262
21285,11.916521
21286,7.2895374
21287,6.0345864
21288,12.145434
21289,13.68816
21290,13.952218
21291,14.314288
21292,7.768383
21293,7.098485
21294,14.151606
21295,7.273393
21296,6.406912
21297,6.07415
21298,6.4293175
21299,11.846216
21300,6.5510254
21301,13.348956
21302,6.8815627
21303,6.2407484
21304,6.090701
21305,7.523526
21306,12.7840395
21307,7.1775107
21308,6.4708047
21309,8.527548
21310,6.4882736
21311,5.8661556
21312,5.8365417
21313,5.4592767
21314,12.890476
21315,6.366247
21316,6.367063
21317,5.941097
21318,13.76257
21319,11.3567295
21320,14.190958
21321,7.4403086
21322,6.491345
21323,9.882294
21324,12.875711
21325,14.255883
21326,14.104979
21327,8.464304
21328,6.515655
21329,10.042626
21330,13.425728
21331,12.522777
21332,13.691403
21333,14.079482
21334,14.296075
21335,10.5625515
21336,6.5784616
21337,6.2941656
21338,6.340371
21339,6.140197
21340,7.634086
21341,6.0767903
21342,11.088722
21343,6.719504
21344,7.0182953
21345,6.220851
21346,5.8172984
21347,6.745819
21348,7.0268016
21349,6.8554516
21350,5.9657326
21351,5.5937757
21352,6.114869
21353,12.256947
21354,6.6543584
21355,14.0655775
21356,7.091991
21357,12.027339
21358,14.253188
21359,8.048698
21360,14.029472
21361,8.872853
21362,6.5907226
21363,6.334548
21364,12.704714
21365,13.459962
21366,14.244155
21367,10.507246
21368,6.6867757
21369,6.41856
21370,6.154397
21371,7.1188693
21372,6.2620564
21373,7.515964
21374,6.6034603
21375,5.937433
21376,6.132331
21377,5.983657
21378,5.8051195
21379,5.7632236
21380,6.111063
21381,5.981462
21382,5.538352
21383,5.499972
21384,11.960472
21385,6.1433563
21386,13.545744
21387,6.2171197
21388,5.7700586
21389,6.5002933
21390,5.9383698
21391,14.110944
21392,6.403137
21393,5.7902036
21394,6.5879025
21395,7.2779517
21396,9.7175665
21397,13.632008
21398,7.3606052
21399,6.3978796
21400,5.8078074
21401,5.675086
21402,5.7984567
21403,5.3554273
21404,5.423015
21405,11.057019
21406,5.90401
21407,5.6296983
21408,8.962909
21409,5.883827
21410,5.606884
21411,9.242362
21412,6.0870113
21413,11.869867
21414,7.960738
21415,8.641249
21416,13.482414
21417,7.183871
21418,6.472572
21419,6.322572
21420,9.127467
21421,13.994746
21422,7.0677443
21423,8.095409
21424,14.041303
21425,8.872925
21426,10.046433
21427,6.8357143
21428,11.321144
21429,7.3869543
21430,6.0496554
21431,13.842604
21432,14.25244
21433,12.297018
21434,6.787661
21435,12.95125
21436,6.9622607
21437,6.396448
21438,5.8631163
21439,6.058002
21440,5.622093
21441,5.6655407
21442,11.842725
21443,9.795238
21444,12.728888
21445,6.3976703
21446,6.2975025
21447,9.077643
21448,10.637187
21449,9.879357
21450,14.233735
21451,7.9266334
21452,7.243271
21453,6.4637513
21454,6.3812118
21455,6.227504
21456,6.324465
21457,8.374042
21458,6.3684254
21459,8.114575
21460,12.558472
21461,12.151691
21462,12.572075
21463,14.188007
21464,7.4549794
21465,13.910584
21466,13.912151
21467,6.6464887
21468,10.872617
21469,7.77417
21470,14.048991
21471,8.340627
21472,6.8288527
21473,6.9888363
21474,8.749223
21475,7.126305
21476,6.5231843
21477,5.936042
21478,5.9934983
21479,6.0864015
21480,5.7598343
21481,5.9251966
21482,5.496989
21483,10.809931
21484,7.4167204
21485,13.937944
21486,7.309753
21487,6.2324777
21488,5.731006
21489,6.0596085
21490,7.1806607
21491,6.0558105
21492,7.491471
21493,12.244838
21494,14.150736
21495,6.517887
21496,6.248406
21497,5.84875
21498,5.8524427
21499,5.7460966
21500,8.9584055
21501,14.207906
21502,8.160262
21503,6.8789883
21504,6.0843577
21505,5.6731844
21506,5.984001
21507,12.212779
21508,8.228559
21509,6.680525
21510,7.141683
21511,6.2701464
21512,5.868609
21513,6.667375
21514,6.001272
21515,5.986052
21516,5.9638515
21517,5.7810316
21518,5.6699495
21519,9.3280735
21520,6.085757
21521,5.734769
21522,5.342848
21523,5.407891
21524,9.128019
21525,9.273252
21526,13.977205
21527,14.234435
21528,14.274534
21529,7.0437016
21530,14.134066
21531,7.7075553
21532,6.3342986
21533,5.8931103
21534,5.8254294
21535,12.989533
21536,6.1858206
21537,5.678431
21538,5.610394
21539,5.4847436
21540,5.5109224
21541,13.706889
21542,5.980631
21543,5.880645
21544,5.5346756
21545,5.226217
21546,5.185334
21547,4.944861
21548,5.055122
21549,5.0100665
21550,4.91695
21551,4.8379507
21552,6.7526627
21553,5.3322372
21554,5.055799
21555,5.658294
21556,5.293088
21557,11.650231
21558,7.048235
21559,5.6404324
21560,5.4158916
21561,5.342485
21562,5.0273304
21563,4.9529743
21564,4.838481
21565,4.775573
21566,12.795227
21567,13.887798
21568,7.426896
21569,5.3390093
21570,5.135136
21571,8.429478
21572,5.7349014
21573,5.2286882
21574,5.0898004
21575,8.947059
21576,6.3601594
21577,8.658276
21578,7.513977
21579,13.913542
21580,12.005749
21581,6.7412515
21582,6.301384
21583,13.328501
21584,6.3467607
21585,5.887954
21586,5.5219593
21587,9.779236
21588,13.98233
21589,9.482964
21590,6.4708476
21591,14.04758
21592,13.520754
21593,12.753994
21594,12.6058445
21595,6.7498484
21596,14.062393
21597,6.319807
21598,5.7630787
21599,5.809549
21600,9.349837
21601,13.787661
21602,13.645112
21603,9.310302
21604,14.159109
21605,14.253901
21606,7.650303
21607,6.4708023
21608,6.3863964
21609,6.2860956
21610,14.144771
21611,6.7854624
21612,14.193156
21613,8.603596
21614,6.5819306
21615,6.2006836
21616,5.981107
21617,6.58404
21618,6.161364
21619,6.643738
21620,6.1158676
21621,5.890178
21622,5.921495
21623,5.567517
21624,5.5890017
21625,5.609007
21626,6.2746367
21627,5.7928443
21628,5.360904
21629,5.376311
21630,5.3249655
21631,5.155454
21632,4.9352026
21633,4.8610044
21634,5.708625
21635,13.106416
21636,6.3787923
21637,5.4661217
21638,5.5051203
21639,5.1718287
21640,6.69651
21641,5.8757486
21642,5.52574
21643,5.4250917
21644,5.5553174
21645,6.9298697
21646,6.1339035
21647,5.5161324
21648,5.281112
21649,9.722045
21650,5.8624215
21651,5.394554
21652,9.791458
21653,5.9353237
21654,8.9774685
21655,5.7838507
21656,7.8214083
21657,5.922031
21658,6.283099
21659,5.83503
21660,5.5125365
21661,5.396783
21662,4.97944
21663,4.945627
21664,4.820033
21665,4.886551
21666,4.559633
21667,4.5115185
21668,6.388656
21669,5.2444525
21670,4.921927
21671,4.619335
21672,4.4986033
21673,4.6275125
21674,4.314389
21675,4.3381143
21676,4.2194695
21677,8.859758
21678,5.327179
21679,4.8224015
21680,9.511912
21681,5.2862735
21682,11.091507
21683,13.720742
21684,5.855321
21685,5.8463993
21686,5.244142
21687,5.7760735
21688,5.4249773
21689,5.061958
21690,4.9489937
21691,6.9443293
21692,12.554682
21693,6.631386
21694,5.310231
21695,5.1428256
21696,5.1043873
21697,4.69143
21698,5.244996
21699,4.85969
21700,4.7749696
21701,4.7517915
21702,4.541918
21703,4.6169095
21704,4.482869
21705,4.458266
21706,4.3019667
21707,4.389271
21708,4.247781
21709,8.022194
21710,12.7474375
21711,5.7917933
21712,5.0651307
21713,4.9188695
21714,4.659241
21715,9.137788
21716,5.564222
21717,4.964175
21718,4.7941856
21719,6.378005
21720,5.2488627
21721,4.9751596
21722,4.6823874
21723,4.5923443
21724,4.543636
21725,4.5096593
21726,4.424334
21727,4.2613907
21728,4.3948994
21729,7.2512164
21730,5.2492676
21731,4.8168745
21732,4.4962916
21733,8.651286
21734,6.9580383
21735,5.4693856
21736,11.888508
21737,5.5047083
21738,5.2063947
21739,4.935853
21740,5.440944
21741,4.9708347
21742,5.269642
21743,5.058605
21744,4.6384425
21745,6.534656
21746,5.238585
21747,9.4819565
21748,5.9408736
21749,5.2668557
21750,4.8867016
21751,5.5365076
21752,5.26587
21753,12.102849
21754,13.286811
21755,5.634589
21756,14.038311
21757,6.098192
21758,13.148722
21759,6.180833
21760,5.4677987
21761,5.2178636
21762,5.1198897
21763,5.001632
21764,4.890574
21765,4.758199
21766,4.950863
21767,4.8990407
21768,5.59167
21769,5.397932
21770,4.980347
21771,4.774632
21772,6.112951
21773,5.5311503
21774,13.145096
21775,13.650476
21776,6.110633
21777,13.836955
21778,14.085157
21779,13.879625
21780,8.3685465
21781,5.7495937
21782,6.011716
21783,5.7800703
21784,5.629677
21785,5.2998514
21786,5.164599
21787,5.3201947
21788,10.927812
21789,6.241164
21790,5.4399447
21791,5.3076963
21792,5.2010837
21793,5.1161866
21794,5.032678
21795,4.7176986
21796,4.808585
21797,4.5124574
21798,4.644279
21799,9.011726
21800,5.5097766
21801,5.0069594
21802,4.8641415
21803,4.7911444
21804,4.7015185
21805,4.752741
21806,4.4980044
21807,4.5777006
21808,4.4780226
21809,6.553612
21810,5.3262334
21811,4.9616814
21812,4.941646
21813,4.5979657
21814,4.6074142
21815,13.297937
21816,5.4671288
21817,4.8560376
21818,4.6222363
21819,4.5475903
21820,4.372284
21821,4.412749
21822,4.2405457
21823,4.1974263
21824,5.763603
21825,5.052028
21826,8.693349
21827,13.652529
21828,14.0656185
21829,14.241926
21830,6.658382
21831,5.653021
21832,5.763477
21833,5.362222
21834,5.1184955
21835,13.263564
21836,5.6828933
21837,5.4098835
21838,10.406751
21839,14.0156975
21840,6.325125
21841,9.419031
21842,6.2097993
21843,5.703984
21844,5.1845584
21845,5.0975876
21846,5.08278
21847,4.9343047
21848,5.045928
21849,4.7190533
21850,4.6495237
21851,4.7350297
21852,4.5963016
21853,9.602676
21854,5.634237
21855,11.211601
21856,5.663801
21857,5.7061095
21858,5.833233
21859,7.606446
21860,13.871283
21861,12.734012
21862,7.0467033
21863,5.750692
21864,13.685812
21865,6.8101463
21866,14.054745
21867,9.811367
21868,14.1075325
21869,14.285581
21870,13.76558
21871,12.501841
21872,14.240204
21873,14.222573
21874,14.21869
21875,14.222959
21876,14.238373
21877,14.210646
21878,8.203067
21879,13.807983
21880,14.147695
21881,14.134052
21882,14.297783
21883,13.478804
21884,14.235691
21885,14.213484
21886,11.326415
21887,8.33684
21888,12.145229
21889,8.278751
21890,10.407844
21891,6.785187
21892,9.998561
21893,11.185938
21894,8.373032
21895,9.145231
21896,13.903147
21897,14.067966
21898,14.162524
21899,14.261771
21900,14.22811
21901,13.972512
21902,14.154544
21903,13.732086
21904,8.757503
21905,12.734356
21906,13.124585
21907,13.125655
21908,13.535309
21909,12.851499
21910,8.691693
21911,9.888634
21912,12.209218
21913,13.870207
21914,11.31362
21915,10.104259
21916,7.2272224
21917,14.166985
21918,14.222941
21919,13.785232
21920,14.129327
21921,10.376704
21922,11.072035
21923,7.494835
21924,9.90397
21925,14.022138
21926,7.8168225
21927,7.8144016
21928,7.439031
21929,7.2401757
21930,7.4072676
21931,9.705288
21932,12.835164
21933,12.253498
21934,9.314585
21935,6.968191
21936,8.5484
21937,9.805859
21938,8.59065
21939,9.905278
21940,13.81555
21941,8.378756
21942,6.77735
21943,14.006676
21944,8.718249
21945,13.541243
21946,13.274375
21947,8.593204
21948,12.89867
21949,10.102515
21950,9.913342
21951,7.153584
21952,6.9571795
21953,8.255322
21954,8.585993
21955,13.669323
21956,14.172417
21957,14.202992
21958,12.903126
21959,13.37881
21960,14.146851
21961,12.791107
21962,11.985742
21963,9.719103
21964,14.040349
21965,10.8049345
21966,9.677676
21967,7.7598047
21968,6.947294
21969,6.614262
21970,6.3829184
21971,6.2886505
21972,13.586537
21973,9.750065
21974,6.711493
21975,7.256097
21976,7.0427027
21977,10.392089
21978,9.066311
21979,8.133841
21980,7.4234686
21981,11.414837
21982,8.185312
21983,13.763351
21984,14.256092
21985,14.118011
21986,14.029826
21987,9.888163
21988,10.374672
21989,13.645033
21990,14.211544
21991,8.682264
21992,7.306676
21993,10.602282
21994,11.0049305
21995,9.2016945
21996,10.615671
21997,11.917525
21998,11.290173
21999,9.2178335
22000,8.7040825
22001,8.944382
22002,6.971742
22003,6.571035
22004,9.006096
22005,6.6815076
22006,6.3300114
22007,6.6585093
22008,7.5452213
22009,6.5543056
22010,12.7294235
22011,7.7738676
22012,7.6509905
22013,14.1746645
22014,7.373022
22015,10.2288475
22016,13.957738
22017,13.930473
22018,7.052721
22019,12.701759
22020,13.34479
22021,12.15861
22022,6.9449396
22023,7.073904
22024,14.057606
22025,13.947773
22026,13.727161
22027,13.308139
22028,11.23539
22029,6.8532867
22030,13.904399
22031,11.685813
22032,12.212715
22033,7.948475
22034,6.924032
22035,6.9006143
22036,8.164031
22037,8.16418
22038,6.6319075
22039,9.359899
22040,10.045529
22041,9.673966
22042,7.6086574
22043,10.807567
22044,7.1941714
22045,7.0841947
22046,8.713538
22047,6.9607596
22048,8.411987
22049,8.217654
22050,8.86147
22051,11.180952
22052,7.9309773
22053,8.258799
22054,13.9124775
22055,6.864168
22056,6.2732983
22057,7.355127
22058,6.865397
22059,6.3144426
22060,6.4395795
22061,6.780626
22062,6.7786055
22063,7.457731
22064,8.387087
22065,10.590626
22066,8.404899
22067,8.13846
22068,8.880726
22069,14.034621
22070,11.672859
22071,10.923736
22072,9.614802
22073,12.13752
22074,13.66201
22075,7.2660384
22076,8.405447
22077,7.4661
22078,9.001616
22079,6.651423
22080,6.6867146
22081,6.7405863
22082,8.258822
22083,10.947244
22084,12.5384445
22085,10.60764
22086,7.1487107
22087,11.369523
22088,8.246821
22089,10.918328
22090,14.039864
22091,14.226087
22092,13.765167
22093,13.806353
22094,13.63773
22095,14.2209425
22096,7.9978113
22097,9.772077
22098,8.038394
22099,9.407823
22100,8.938115
22101,6.882188
22102,6.565336
22103,6.307994
22104,13.317458
22105,7.6536665
22106,13.617944
22107,10.0623665
22108,12.650626
22109,9.378024
22110,11.095703
22111,8.140487
22112,7.629679
22113,7.6500525
22114,10.359928
22115,13.901077
22116,8.819461
22117,13.8435955
22118,11.4445505
22119,10.3247595
22120,8.663452
22121,9.503773
22122,10.194474
22123,8.546503
22124,7.1203437
22125,9.63771
22126,9.118535
22127,6.722028
22128,7.653634
22129,8.010498
22130,10.068447
22131,9.339239
22132,9.02561
22133,7.689647
22134,6.977531
22135,6.969457
22136,7.7979636
22137,10.294821
22138,8.221416
22139,7.8421006
22140,7.994714
22141,14.247045
22142,13.072259
22143,7.139012
22144,7.7453895
22145,9.107828
22146,9.412905
22147,9.723211
22148,12.026983
22149,9.010011
22150,9.325175
22151,7.180434
22152,8.515978
22153,9.85052
22154,12.172208
22155,10.387958
22156,12.378272
22157,11.4838915
22158,7.6702347
22159,11.917112
22160,7.1809897
22161,6.744896
22162,9.783522
22163,8.269483
22164,9.051692
22165,7.0451946
22166,6.513603
22167,6.9162993
22168,7.2572227
22169,6.618286
22170,9.261747
22171,8.873124
22172,7.737189
22173,6.9391837
22174,9.002546
22175,7.211678
22176,6.1888924
22177,6.4613366
22178,7.9399757
22179,9.836164
22180,10.788997
22181,8.085484
22182,6.4384565
22183,6.6223936
22184,6.040473
22185,6.5281725
22186,6.989782
22187,7.556547
22188,9.521901
22189,7.4651656
22190,8.044575
22191,7.1664653
22192,7.032072
22193,6.8254023
22194,6.690987
22195,11.554896
22196,7.4890213
22197,12.324378
22198,9.43657
22199,6.60523
22200,6.260495
22201,6.1402216
22202,5.8538113
22203,5.6892533
22204,5.643265
22205,5.4909816
22206,5.4050136
22207,6.5142016
22208,5.7746177
22209,7.029003
22210,5.991137
22211,12.991708
22212,6.358265
22213,5.753859
22214,5.52569
22215,5.322117
22216,10.68424
22217,6.0836496
22218,12.198554
22219,6.208923
22220,5.721627
22221,5.5073237
22222,9.398205
22223,6.0989604
22224,5.9938493
22225,12.809215
22226,6.1184397
22227,13.933259
22228,6.4950194
22229,5.8273582
22230,5.5802794
22231,5.475254
22232,6.296185
22233,5.6781883
22234,5.357865
22235,5.289012
22236,5.0411806
22237,5.10617
22238,4.9277754
22239,4.889942
22240,6.2169456
22241,5.758996
22242,5.3150425
22243,6.9836435
22244,5.7469707
22245,5.3389716
22246,5.185515
22247,4.951644
22248,4.942686
22249,4.8457932
22250,4.638656
22251,4.6813893
22252,9.765308
22253,5.414312
22254,4.904216
22255,4.848253
22256,4.787922
22257,4.490764
22258,4.683144
22259,4.2638865
22260,4.450431
22261,4.187748
22262,4.197475
22263,4.1671786
22264,4.1539145
22265,4.227014
22266,5.455168
22267,4.7286496
22268,9.165573
22269,5.3539987
22270,4.680676
22271,4.6450353
22272,4.3906817
22273,4.4089336
22274,4.395767
22275,4.1508083
22276,4.3391733
22277,4.0949225
22278,4.087747
22279,4.086174
22280,4.58661
22281,4.7323728
22282,4.394938
22283,4.205586
22284,4.016684
22285,4.9732876
22286,4.3907046
22287,4.2029424
22288,5.5065207
22289,7.454355
22290,5.1566563
22291,5.1104474
22292,11.810498
22293,10.411189
22294,10.219237
22295,12.771043
22296,13.53446
22297,14.15933
22298,14.198171
22299,7.5427465
22300,14.132505
22301,8.131832
22302,5.7425766
22303,8.202045
22304,7.080598
22305,7.607726
22306,9.284562
22307,13.3811
22308,14.21898
22309,14.245847
22310,8.38187
22311,12.797889
22312,8.62792
22313,14.039996
22314,9.54245
22315,13.681723
22316,14.046577
22317,14.051915
22318,13.919415
22319,14.088472
22320,10.381718
22321,10.526808
22322,13.909794
22323,13.266293
22324,8.051571
22325,13.775413
22326,14.267635
22327,14.30578
22328,14.229577
22329,14.274655
22330,9.5477295
22331,14.262396
22332,10.5192585
22333,7.887711
22334,8.566695
22335,11.517724
22336,12.456138
22337,13.057153
22338,12.535613
22339,9.007709
22340,10.522466
22341,13.570125
22342,14.046221
22343,8.659155
22344,12.358033
22345,8.909949
22346,9.224918
22347,13.701659
22348,7.5134625
22349,8.971564
22350,8.173724
22351,11.977666
22352,12.85515
22353,14.010804
22354,10.030613
22355,14.2534
22356,14.176453
22357,13.580073
22358,8.667362
22359,11.56283
22360,13.540283
22361,9.317317
22362,12.141059
22363,10.221084
22364,13.666069
22365,11.121778
22366,9.8646
22367,9.073117
22368,11.198141
22369,7.522576
22370,7.5035014
22371,7.129591
22372,7.7404876
22373,8.718034
22374,11.060563
22375,13.180378
22376,14.23369
22377,10.524253
22378,12.404229
22379,9.899445
22380,7.923845
22381,7.4426613
22382,6.805567
22383,6.438513
22384,6.234252
22385,13.215634
22386,7.0346484
22387,8.395388
22388,13.600458
22389,12.193358
22390,14.135827
22391,7.2048445
22392,8.343779
22393,12.778566
22394,8.004253
22395,6.850798
22396,9.709616
22397,6.800329
22398,7.3019137
22399,6.469543
22400,6.3114676
22401,8.517632
22402,6.9490957
22403,6.59371
22404,7.508605
22405,7.0896206
22406,6.831497
22407,6.5118737
22408,6.177519
22409,6.4680896
22410,6.4566107
22411,6.5069222
22412,6.3382916
22413,5.959695
22414,6.21368
22415,9.012054
22416,7.027347
22417,6.3032303
22418,6.063994
22419,5.535076
22420,5.4001336
22421,5.50208
22422,6.6568947
22423,6.3920135
22424,5.8529687
22425,5.910151
22426,6.1567974
22427,6.5576925
22428,7.343647
22429,6.824056
22430,6.6269264
22431,8.378712
22432,7.2572613
22433,7.3222485
22434,7.295625
22435,7.232427
22436,6.4691205
22437,6.327994
22438,6.5462503
22439,6.4778566
22440,6.50851
22441,6.1029253
22442,9.436981
22443,6.9991055
22444,8.314833
22445,9.714923
22446,9.906391
22447,7.7597346
22448,8.865565
22449,7.776517
22450,7.3880734
22451,7.823248
22452,6.921973
22453,7.8347898
22454,9.175181
22455,11.460296
22456,7.0406046
22457,6.080351
22458,13.372327
22459,14.264496
22460,9.386047
22461,10.730732
22462,6.9678206
22463,6.173196
22464,12.201521
22465,6.614679
22466,6.963571
22467,13.503105
22468,10.580889
22469,12.971647
22470,12.286778
22471,11.291614
22472,12.702641
22473,11.570585
22474,10.692596
22475,13.79668
22476,7.357856
22477,7.7587624
22478,7.3402457
22479,7.6923757
22480,8.814424
22481,8.61324
22482,7.9147825
22483,8.612417
22484,7.7667875
22485,7.7361155
22486,7.324538
22487,7.0126505
22488,7.6211157
22489,9.014209
22490,6.6361203
22491,6.581153
22492,7.152724
22493,6.8387766
22494,6.449526
22495,6.362338
22496,6.29111
22497,7.045124
22498,6.8233886
22499,7.2768936
22500,8.089259
22501,7.0747185
22502,6.821905
22503,7.4468904
22504,6.8493853
22505,7.427646
22506,7.401356
22507,7.0596056
22508,12.995567
22509,6.8075852
22510,7.174386
22511,7.1417675
22512,6.777722
22513,8.004073
22514,14.036771
22515,8.130802
22516,7.632981
22517,7.7791414
22518,10.0734215
22519,14.014538
22520,7.2155023
22521,9.834446
22522,9.004656
22523,6.6560717
22524,9.216511
22525,12.8663845
22526,12.344402
22527,9.95705
22528,14.144333
22529,13.957629
22530,14.282487
22531,14.257817
22532,9.402442
22533,10.355824
22534,11.925566
22535,7.857333
22536,8.657507
22537,13.783828
22538,13.487379
22539,13.325514
22540,7.3194532
22541,6.8598166
22542,12.255517
22543,11.58573
22544,12.519702
22545,12.507128
22546,7.3554516
22547,14.26383
22548,10.982999
22549,11.639097
22550,14.103273
22551,7.680421
22552,7.0116124
22553,9.64258
22554,6.9554744
22555,14.181948
22556,14.291361
22557,7.9015284
22558,7.3697386
22559,6.503877
22560,10.415717
22561,7.2223525
22562,6.448207
22563,6.388359
22564,6.2156997
22565,6.0708346
22566,5.9667068
22567,5.824571
22568,5.91242
22569,6.5531507
22570,6.113503
22571,6.052304
22572,5.788886
22573,12.135635
22574,6.4511056
22575,13.695534
22576,6.595368
22577,8.163607
22578,14.090734
22579,12.732232
22580,13.9859295
22581,14.187836
22582,14.148972
22583,14.038192
22584,14.159589
22585,9.182759
22586,14.229974
22587,8.970238
22588,14.153392
22589,11.111299
22590,13.373328
22591,14.141709
22592,12.712427
22593,13.712411
22594,14.07622
22595,9.922051
22596,12.895602
22597,14.287429
22598,7.418829
22599,7.4513507
22600,8.192093
22601,6.6593685
22602,8.942253
22603,10.643598
22604,11.481999
22605,8.736853
22606,10.091571
22607,6.8041263
22608,11.566765
22609,7.5793414
22610,6.5563073
22611,6.544011
22612,14.029081
22613,11.288148
22614,13.919577
22615,14.122551
22616,14.296049
22617,13.98027
22618,12.912124
22619,13.07502
22620,13.7940235
22621,14.229108
22622,13.817949
22623,7.4045424
22624,14.276647
22625,8.054352
22626,12.832452
22627,11.046482
22628,13.120727
22629,14.227759
22630,14.323605
22631,10.352793
22632,7.3870687
22633,7.2001762
22634,11.804057
22635,12.737922
22636,7.013711
22637,12.332795
22638,9.124956
22639,7.3244104
22640,7.0839567
22641,6.931155
22642,7.940654
22643,6.740954
22644,6.8355355
22645,6.7426248
22646,7.3742204
22647,6.684326
22648,7.1515265
22649,6.580265
22650,12.668811
22651,7.5053043
22652,6.453414
22653,6.326997
22654,6.428179
22655,12.603686
22656,6.413136
22657,6.125662
22658,5.795629
22659,6.244077
22660,6.1144485
22661,7.0491085
22662,8.670955
22663,6.8191643
22664,5.8759465
22665,5.7345123
22666,5.6352797
22667,5.53864
22668,5.501272
22669,5.173391
22670,5.173622
22671,5.1985855
22672,5.052214
22673,5.0145655
22674,4.8736525
22675,4.9964147
22676,4.7459044
22677,5.901426
22678,7.2858014
22679,10.349328
22680,5.87627
22681,11.573706
22682,5.8849144
22683,9.907374
22684,6.1994824
22685,14.040902
22686,14.194684
22687,14.222384
22688,7.917735
22689,6.0977087
22690,6.979161
22691,5.952802
22692,5.655013
22693,5.4490876
22694,10.723297
22695,14.050204
22696,13.6644745
22697,13.73919
22698,7.1121235
22699,13.730352
22700,6.3184114
22701,13.271281
22702,6.643902
22703,14.1402445
22704,6.5718875
22705,14.18012
22706,13.986795
22707,14.280014
22708,7.9328074
22709,6.880676
22710,11.924091
22711,7.0282674
22712,14.135722
22713,6.4504304
22714,13.855703
22715,14.261094
22716,14.169246
22717,13.606547
22718,14.254599
22719,8.675329
22720,14.253708
22721,14.042099
22722,14.221974
22723,10.359091
22724,13.65355
22725,14.088941
22726,14.033516
22727,14.269816
22728,8.415806
22729,14.048767
22730,8.155672
22731,6.751704
22732,8.065561
22733,13.176969
22734,14.287238
22735,14.287218
22736,14.313768
22737,7.6174216
22738,14.265106
22739,7.9243627
22740,14.246025
22741,7.7635975
22742,14.103697
22743,8.176304
22744,7.2215247
22745,13.856365
22746,14.069761
22747,14.088152
22748,13.799918
22749,14.136747
22750,14.229961
22751,14.317194
22752,7.7983017
22753,7.6361594
22754,14.184139
22755,7.9147935
22756,7.159312
22757,8.77739
22758,7.1565256
22759,6.6502175
22760,9.427919
22761,10.133382
22762,14.298225
22763,14.322109
22764,14.293141
22765,14.345236
22766,14.332242
22767,14.04756
22768,7.898004
22769,9.420607
22770,7.5555534
22771,8.011706
22772,12.8313875
22773,10.497015
22774,8.310138
22775,7.2747865
22776,10.145952
22777,9.472103
22778,10.84721
22779,12.436125
22780,7.2644815
22781,7.278989
22782,6.786105
22783,7.1820674
22784,7.4556737
22785,7.209077
22786,6.3479958
22787,6.502918
22788,6.2250443
22789,6.071258
22790,6.7879925
22791,8.475063
22792,6.3205223
22793,6.2550774
22794,6.370776
22795,6.528115
22796,12.641188
22797,6.5727863
22798,9.409182
22799,7.327677
22800,7.1355195
22801,6.3926425
22802,6.125627
22803,6.081899
22804,6.5861106
22805,6.3276353
22806,10.433549
22807,12.440515
22808,6.153603
22809,6.1366224
22810,8.024142
22811,12.58046
22812,10.0792675
22813,13.552696
22814,9.563796
22815,7.020382
22816,9.942463
22817,10.527534
22818,14.000084
22819,13.533984
22820,7.8407474
22821,6.800692
22822,6.501313
22823,6.0883636
22824,8.20596
22825,13.982941
22826,6.61693
22827,6.146557
22828,5.743489
22829,13.551922
22830,14.220809
22831,14.268742
22832,8.177497
22833,14.184721
22834,7.815587
22835,13.866532
22836,14.253472
22837,14.279716
22838,14.325703
22839,14.2927065
22840,13.677812
22841,14.215021
22842,13.3050785
22843,9.782033
22844,8.7121105
22845,14.245632
22846,13.958592
22847,8.071925
22848,6.702563
22849,6.9064884
22850,6.737119
22851,6.6698484
22852,13.451615
22853,7.0513916
22854,6.8315105
22855,6.6613793
22856,8.662201
22857,14.196965
22858,14.105157
22859,14.251504
22860,14.271438
22861,14.24609
22862,13.533537
22863,14.333497
22864,9.153752
22865,8.095635
22866,8.806516
22867,7.5319867
22868,10.433794
22869,7.329623
22870,6.665207
22871,6.67639
22872,14.20004
22873,6.9546976
22874,14.223214
22875,14.23945
22876,8.71312
22877,6.8721642
22878,6.662657
22879,9.184562
22880,6.911086
22881,6.9440265
22882,7.4295225
22883,6.9715714
22884,6.294683
22885,6.323595
22886,7.7707634
22887,6.354729
22888,6.67482
22889,12.111607
22890,7.257102
22891,6.316674
22892,6.5942645
22893,6.395727
22894,6.2838945
22895,5.925858
22896,7.5438313
22897,11.57618
22898,6.8444643
22899,6.239665
22900,5.809976
22901,5.8425784
22902,6.847158
22903,5.731055
22904,5.8720675
22905,6.1743793
22906,5.399815
22907,5.321077
22908,5.275872
22909,5.403478
22910,9.2262535
22911,6.39281
22912,6.0956626
22913,13.595669
22914,10.851283
22915,6.517013
22916,14.172045
22917,6.699631
22918,13.953208
22919,13.481104
22920,8.933493
22921,13.693024
22922,13.071183
22923,14.09724
22924,9.704469
22925,14.209833
22926,14.023724
22927,10.176889
22928,6.7536173
22929,13.872671
22930,13.892515
22931,7.1094174
22932,8.669564
22933,6.3514657
22934,6.113392
22935,13.987542
22936,6.7686367
22937,6.0546136
22938,7.626217
22939,6.9756274
22940,6.216226
22941,5.749711
22942,5.590829
22943,10.657293
22944,6.4293537
22945,5.71535
22946,5.6915236
22947,13.969494
22948,6.3472414
22949,7.114022
22950,5.996203
22951,5.813037
22952,5.754012
22953,5.3863497
22954,5.8861947
22955,13.889694
22956,8.73197
22957,11.822221
22958,6.4913793
22959,6.001907
22960,5.932784
22961,5.5223927
22962,7.702872
22963,14.186044
22964,14.21468
22965,14.201397
22966,14.25121
22967,7.4340887
22968,6.866145
22969,14.192374
22970,6.9909406
22971,6.5266023
22972,6.0403624
22973,6.0359683
22974,9.46602
22975,6.144462
22976,9.590792
22977,6.5814652
22978,5.9828486
22979,5.871626
22980,5.853707
22981,5.774903
22982,5.5733786
22983,5.2554255
22984,5.7761645
22985,5.730153
22986,5.8534746
22987,5.5313563
22988,9.491459
22989,13.356586
22990,13.601028
22991,6.132222
22992,5.5809674
22993,5.567064
22994,5.3901124
22995,5.3618026
22996,5.3547707
22997,7.9519863
22998,5.8457227
22999,5.4964166
23000,5.317847
23001,7.482043
23002,14.199637
23003,14.146017
23004,14.259716
23005,7.435827
23006,11.784311
23007,6.79853
23008,12.519439
23009,13.415239
23010,7.440065
23011,8.777192
23012,13.982584
23013,14.204489
23014,7.0494514
23015,6.381411
23016,6.0354853
23017,8.691972
23018,7.2762785
23019,6.279825
23020,5.9748516
23021,12.61204
23022,14.194006
23023,14.270604
23024,14.275953
23025,7.6662087
23026,13.29941
23027,13.366357
23028,6.9286485
23029,6.3998003
23030,6.1902037
23031,5.7114644
23032,8.033838
23033,6.4370813
23034,13.634441
23035,14.198195
23036,13.763772
23037,14.292826
23038,14.282483
23039,14.318176
23040,14.325655
23041,14.335366
23042,12.18607
23043,14.300178
23044,8.473101
23045,14.318368
23046,14.323203
23047,14.184946
23048,9.341536
23049,9.314217
23050,7.6574755
23051,7.3277197
23052,14.221366
23053,13.931086
23054,8.36095
23055,7.568779
23056,12.420661
23057,7.4482827
23058,13.820501
23059,13.125466
23060,14.254405
23061,14.327978
23062,9.864301
23063,13.626745
23064,13.681807
23065,14.257308
23066,13.91653
23067,14.29076
23068,14.182788
23069,14.154347
23070,14.251921
23071,14.102349
23072,14.218425
23073,14.293466
23074,14.300916
23075,14.286235
23076,14.340453
23077,14.345089
23078,13.060331
23079,14.310747
23080,14.331359
23081,14.34464
23082,14.353132
23083,14.354001
23084,14.336997
23085,14.350181
23086,13.754998
23087,14.173563
23088,14.1668625
23089,14.274599
23090,14.332318
23091,9.960937
23092,14.332563
23093,14.293592
23094,14.324001
23095,14.277212
23096,14.344627
23097,14.265648
23098,14.329946
23099,14.255501
23100,14.254171
23101,14.281491
23102,14.289769
23103,14.30241
23104,14.336863
23105,14.339393
23106,14.259049
23107,13.418069
23108,14.304247
23109,14.325216
23110,14.355861
23111,14.346081
23112,14.336192
23113,14.352101
23114,14.3529005
23115,14.325269
23116,14.183647
23117,9.916401
23118,9.00772
23119,7.900413
23120,14.303325
23121,14.109078
23122,14.298537
23123,14.340902
23124,10.029333
23125,14.300332
23126,9.376886
23127,12.377457
23128,14.305635
23129,14.006457
23130,11.65802
23131,14.0530815
23132,10.867577
23133,9.383977
23134,10.390089
23135,7.40625
23136,13.814768
23137,9.750803
23138,7.4734406
23139,13.725578
23140,14.201709
23141,14.232772
23142,7.9947186
23143,10.128867
23144,7.4257617
23145,10.549371
23146,7.3743258
23147,12.561201
23148,7.649792
23149,7.1911473
23150,6.663513
23151,6.536073
23152,6.5598793
23153,6.4726663
23154,6.209932
23155,6.123153
23156,13.276766
23157,13.46464
23158,7.2978506
23159,14.043539
23160,14.1647215
23161,7.6877737
23162,6.789559
23163,8.649165
23164,13.873376
23165,14.169691
23166,14.127969
23167,14.256998
23168,14.265524
23169,14.3169155
23170,14.261644
23171,14.25211
23172,14.342839
23173,14.171355
23174,14.105296
23175,14.194945
23176,14.294815
23177,14.255262
23178,14.325981
23179,14.289932
23180,14.336622
23181,14.29888
23182,14.038392
23183,10.057038
23184,13.8090725
23185,7.44324
23186,13.983788
23187,7.6095953
23188,6.7969146
23189,6.6497874
23190,6.663087
23191,6.348896
23192,6.2617702
23193,6.193692
23194,6.222545
23195,6.005468
23196,5.970055
23197,5.9584417
23198,6.5850544
23199,11.403532
23200,7.445754
23201,14.162749
23202,7.1731663
23203,6.4483485
23204,6.2609897
23205,6.0295205
23206,5.9755235
23207,5.8891296
23208,5.658017
23209,9.034084
23210,14.216217
23211,13.929438
23212,14.313734
23213,14.272207
23214,14.05976
23215,7.985502
23216,14.224076
23217,9.095759
23218,6.646011
23219,6.4207263
23220,6.2946415
23221,5.971471
23222,5.993533
23223,5.873238
23224,6.775637
23225,14.202355
23226,6.5997977
23227,13.325328
23228,13.979973
23229,7.0499687
23230,12.265186
23231,9.869936
23232,13.770699
23233,14.167514
23234,7.069209
23235,8.015551
23236,7.363137
23237,13.81985
23238,14.236252
23239,14.290423
23240,8.770554
23241,6.8814225
23242,6.4329863
23243,14.047362
23244,14.272971
23245,7.4881725
23246,7.0162396
23247,8.975158
23248,8.095854
23249,14.161073
23250,10.404037
23251,10.939704
23252,9.082076
23253,7.322409
23254,7.8165293
23255,14.198978
23256,7.4599047
23257,9.2322445
23258,7.1612153
23259,6.274393
23260,6.12613
23261,5.941245
23262,8.805186
23263,14.153108
23264,7.747133
23265,13.877801
23266,10.989439
23267,14.231891
23268,14.2760515
23269,14.272432
23270,14.241317
23271,14.305315
23272,14.21346
23273,14.103406
23274,14.222723
23275,13.995986
23276,14.178215
23277,14.1606455
23278,14.202448
23279,13.582474
23280,14.217908
23281,14.26649
23282,14.252207
23283,14.222563
23284,14.222109
23285,14.144991
23286,14.27564
23287,14.07976
23288,14.315007
23289,14.224356
23290,13.991878
23291,14.175495
23292,14.305409
23293,14.233916
23294,14.28314
23295,13.754878
23296,14.260079
23297,13.9918165
23298,8.936488
23299,13.096464
23300,14.310688
23301,14.292274
23302,14.351657
23303,14.352998
23304,14.336189
23305,14.345285
23306,14.32901
23307,9.944109
23308,10.7142935
23309,7.8806334
23310,8.273423
23311,14.24053
23312,9.490417
23313,7.260509
23314,14.054569
23315,8.987899
23316,7.49268
23317,6.856248
23318,6.920186
23319,6.8165984
23320,6.9005084
23321,6.5655055
23322,13.807486
23323,7.875368
23324,6.665986
23325,6.590229
23326,12.924058
23327,7.5541763
23328,6.6169333
23329,7.5861797
23330,10.217108
23331,12.1489105
23332,8.893285
23333,14.104896
23334,14.299546
23335,12.7052355
23336,10.197196
23337,13.338833
23338,8.059201
23339,11.502074
23340,14.186724
23341,7.8089237
23342,7.1111817
23343,9.443131
23344,7.290374
23345,6.670641
23346,6.423806
23347,6.4055915
23348,6.196153
23349,9.475503
23350,7.0084376
23351,6.2278085
23352,6.4994583
23353,6.167869
23354,5.827595
23355,6.233445
23356,8.645055
23357,6.6346626
23358,9.010447
23359,8.371503
23360,13.866441
23361,14.155791
23362,7.739873
23363,7.6958857
23364,8.4098015
23365,6.9909425
23366,10.952472
23367,7.030246
23368,13.573814
23369,12.812028
23370,14.165101
23371,7.617408
23372,7.131943
23373,12.215629
23374,12.080656
23375,8.6579685
23376,13.8424425
23377,11.402382
23378,6.5068398
23379,14.1339445
23380,8.464366
23381,14.062292
23382,13.248602
23383,14.027246
23384,12.091884
23385,11.448207
23386,7.726631
23387,7.1768565
23388,8.083542
23389,7.502231
23390,10.308412
23391,9.416931
23392,7.0160847
23393,6.8681283
23394,8.771619
23395,8.72781
23396,7.6728606
23397,13.55955
23398,14.08021
23399,14.302468
23400,14.3208
23401,10.3263645
23402,7.1610985
23403,13.993363
23404,12.909593
23405,11.569233
23406,7.1783085
23407,7.6840134
23408,7.580439
23409,7.403658
23410,8.760423
23411,14.076531
23412,14.273995
23413,14.196219
23414,7.9478655
23415,7.139799
23416,13.922557
23417,14.185497
23418,8.722559
23419,14.259645
23420,13.670958
23421,14.0704975
23422,14.048631
23423,14.185821
23424,10.757669
23425,14.301871
23426,8.016157
23427,6.9167514
23428,6.8608866
23429,6.539077
23430,6.3803215
23431,6.8155537
23432,6.956383
23433,6.3331137
23434,6.192463
23435,5.980164
23436,13.617933
23437,7.046611
23438,6.4538097
23439,8.718442
23440,11.630273
23441,14.276886
23442,7.9196897
23443,8.954325
23444,7.6116443
23445,12.089791
23446,13.843003
23447,13.589853
23448,10.391589
23449,13.355365
23450,7.355776
23451,6.595153
23452,12.603811
23453,7.9687524
23454,14.243766
23455,13.991579
23456,13.970775
23457,10.944912
23458,9.332291
23459,6.8127785
23460,9.863809
23461,6.7410374
23462,6.204987
23463,6.0456705
23464,9.805863
23465,7.99578
23466,6.8780174
23467,13.702116
23468,14.072909
23469,14.256374
23470,7.7330356
23471,6.4745626
23472,12.367822
23473,7.110947
23474,8.951155
23475,8.440546
23476,12.549133
23477,14.233929
23478,14.156611
23479,14.009479
23480,14.289286
23481,13.378817
23482,13.027901
23483,8.044069
23484,13.554555
23485,14.071853
23486,13.248849
23487,14.034936
23488,14.299563
23489,14.31681
23490,14.326769
23491,9.601357
23492,14.019493
23493,14.287138
23494,14.284349
23495,14.340081
23496,10.698622
23497,14.322309
23498,14.354048
23499,8.822442
23500,7.436976
23501,7.643478
23502,6.984952
23503,6.8393297
23504,7.503752
23505,7.2910166
23506,14.069835
23507,14.19036
23508,7.3254
23509,13.259002
23510,7.6418138
23511,14.287648
23512,14.293983
23513,13.276421
23514,7.5737133
23515,7.1421514
23516,6.5153446
23517,6.363626
23518,6.3619795
23519,12.9261265
23520,6.9255877
23521,13.839947
23522,7.3288317
23523,6.8289647
23524,6.4842
23525,6.3807807
23526,6.1268654
23527,6.9496784
23528,14.065165
23529,6.461317
23530,8.390629
23531,6.7662044
23532,6.5644546
23533,6.086917
23534,9.555532
23535,7.000705
23536,6.310291
23537,7.057268
23538,11.119569
23539,14.0638485
23540,6.823851
23541,13.431841
23542,7.0302505
23543,8.521918
23544,6.642108
23545,13.917918
23546,6.9576
23547,13.979942
23548,7.032436
23549,13.612064
23550,8.792025
23551,13.851142
23552,7.706929
23553,6.408235
23554,6.74492
23555,12.756377
23556,6.7331767
23557,7.7114053
23558,6.9291286
23559,6.5291157
23560,6.352951
23561,5.860331
23562,7.6359305
23563,6.4321585
23564,6.0841403
23565,7.0033293
23566,6.4748583
23567,11.4431095
23568,14.280916
23569,6.9296646
23570,6.3462915
23571,14.171504
23572,7.5932374
23573,5.927313
23574,5.8439164
23575,6.6066837
23576,13.32135
23577,14.169628
23578,12.809044
23579,6.6501594
23580,9.310869
23581,6.391257
23582,6.019144
23583,6.1403794
23584,11.329983
23585,13.8735695
23586,7.0220037
23587,6.128524
23588,6.329701
23589,5.7612143
23590,5.6484528
23591,8.509908
23592,6.713771
23593,5.8415194
23594,5.6226897
23595,8.930966
23596,14.25366
23597,13.9668
23598,14.301504
23599,11.952892
23600,7.452879
23601,6.4207563
23602,14.033845
23603,13.393225
23604,9.8395815
23605,6.3901505
23606,14.211869
23607,6.851254
23608,6.46675
23609,6.1017017
23610,13.540378
23611,7.6702023
23612,8.283561
23613,6.068289
23614,5.9737153
23615,13.66798
23616,6.240143
23617,11.244457
23618,7.1127567
23619,13.764696
23620,13.977144
23621,14.308165
23622,14.256763
23623,14.311265
23624,14.331631
23625,13.918093
23626,14.218798
23627,13.947117
23628,14.298654
23629,13.980185
23630,14.2083
23631,14.144143
23632,14.315429
23633,7.8511906
23634,10.839206
23635,13.767011
23636,14.203262
23637,14.173364
23638,13.862558
23639,14.277833
23640,14.345831
23641,14.32129
23642,13.688045
23643,14.085269
23644,14.184876
23645,12.992879
23646,12.161282
23647,10.123396
23648,13.873693
23649,11.285319
23650,12.007295
23651,7.254726
23652,6.9588585
23653,7.6863036
23654,7.0991096
23655,13.405796
23656,14.003105
23657,13.654054
23658,14.23525
23659,14.119828
23660,14.265572
23661,14.292192
23662,9.344534
23663,8.033046
23664,7.564911
23665,9.701917
23666,8.215698
23667,10.901681
23668,7.174462
23669,12.463553
23670,7.5249367
23671,6.929212
23672,7.4585404
23673,11.951666
23674,13.982643
23675,7.3210473
23676,6.8893185
23677,6.6809525
23678,11.051152
23679,14.1620245
23680,14.040935
23681,8.401893
23682,13.817322
23683,9.199798
23684,7.0772667
23685,6.6852274
23686,11.539648
23687,14.269532
23688,7.519238
23689,11.13944
23690,13.633571
23691,14.256382
23692,13.891656
23693,14.296
23694,14.264505
23695,14.251361
23696,14.303539
23697,9.298203
23698,14.322133
23699,14.324063
23700,13.876585
23701,7.09549
23702,8.601606
23703,7.0272946
23704,7.2331524
23705,6.6617756
23706,6.4510937
23707,6.3897285
23708,6.74117
23709,6.3307004
23710,7.6590486
23711,6.60131
23712,6.211735
23713,6.1908755
23714,6.24724
23715,13.563559
23716,14.308809
23717,14.302469
23718,14.17321
23719,7.94928
23720,14.236645
23721,13.938266
23722,7.2288504
23723,14.244317
23724,14.324279
23725,13.943548
23726,13.0965605
23727,7.6313033
23728,6.820139
23729,6.9947724
23730,7.3312345
23731,14.133278
23732,8.976422
23733,8.58545
23734,9.067424
23735,6.660558
23736,6.5160284
23737,6.224414
23738,6.01052
23739,14.023089
23740,7.267575
23741,6.3474975
23742,6.1887884
23743,5.9577165
23744,5.8889914
23745,6.2873244
23746,6.6807833
23747,6.630703
23748,5.9968133
23749,5.9255
23750,6.1805935
23751,6.6099544
23752,5.9095235
23753,7.7580643
23754,10.577763
23755,11.521646
23756,12.374601
23757,14.053117
23758,7.1783953
23759,7.041035
23760,13.851502
23761,13.825368
23762,11.678901
23763,12.12642
23764,14.164605
23765,14.153131
23766,13.224816
23767,7.078206
23768,14.102135
23769,8.371955
23770,10.438726
23771,8.275
23772,8.0914545
23773,13.581911
23774,7.197604
23775,6.430447
23776,14.094341
23777,7.28095
23778,8.843929
23779,6.684689
23780,6.360901
23781,6.484365
23782,5.765222
23783,5.6994
23784,6.461882
23785,5.614443
23786,5.8108163
23787,8.892018
23788,6.045575
23789,13.428939
23790,14.161162
23791,6.6866426
23792,6.140776
23793,10.351382
23794,10.396818
23795,8.4339485
23796,7.172372
23797,6.49053
23798,8.410941
23799,6.18803
23800,8.967218
23801,14.077395
23802,6.9210606
23803,6.139968
23804,5.9908986
23805,8.989162
23806,12.038672
23807,13.665117
23808,6.6027265
23809,13.439784
23810,7.701837
23811,6.4773517
23812,8.665463
23813,13.748819
23814,14.064009
23815,14.261454
23816,7.1572647
23817,14.114127
23818,14.14806
23819,7.123387
23820,7.801918
23821,14.207497
23822,14.032152
23823,14.312651
23824,14.078205
23825,7.269348
23826,8.64391
23827,13.395264
23828,12.135066
23829,13.661666
23830,11.793606
23831,14.301411
23832,8.880198
23833,13.535414
23834,14.141202
23835,14.098605
23836,7.4980755
23837,9.799426
23838,11.097736
23839,8.995657
23840,7.1200986
23841,6.290519
23842,6.33318
23843,14.051433
23844,10.953506
23845,6.779737
23846,6.9347816
23847,6.576559
23848,6.569323
23849,7.1648116
23850,14.142747
23851,13.428576
23852,6.7822514
23853,6.333686
23854,10.616598
23855,12.444132
23856,9.374802
23857,6.6811504
23858,13.731569
23859,7.190943
23860,6.3627105
23861,6.651506
23862,7.3106594
23863,6.537119
23864,6.806282
23865,13.115424
23866,10.941752
23867,6.771699
23868,8.625645
23869,6.626646
23870,7.8617005
23871,7.2975206
23872,10.115885
23873,6.9375105
23874,6.609311
23875,6.310728
23876,7.1395802
23877,8.021979
23878,6.374114
23879,6.1142025
23880,10.195035
23881,7.050581
23882,7.2037272
23883,9.362778
23884,6.989759
23885,6.0633807
23886,6.411855
23887,6.073162
23888,13.546112
23889,12.519668
23890,7.5396996
23891,6.816996
23892,9.837333
23893,7.0618505
23894,10.106566
23895,13.551383
23896,13.890961
23897,6.7914615
23898,6.226647
23899,6.866146
23900,8.572771
23901,10.715886
23902,8.682236
23903,10.229781
23904,14.045351
23905,14.268958
23906,9.603247
23907,7.0998416
23908,8.221915
23909,7.043209
23910,6.2918606
23911,8.574967
23912,6.542921
23913,12.661333
23914,7.1081314
23915,7.635561
23916,7.0791235
23917,7.7828274
23918,6.301319
23919,6.0529084
23920,7.4815044
23921,6.4355626
23922,5.8094172
23923,13.436026
23924,8.285485
23925,8.735415
23926,6.3692102
23927,5.8143764
23928,5.8709097
23929,7.03875
23930,6.986058
23931,8.307248
23932,8.486823
23933,6.4309835
23934,10.742042
23935,12.987329
23936,14.273211
23937,9.816908
23938,7.1420593
23939,14.19125
23940,12.40134
23941,14.235635
23942,6.9959726
23943,14.117047
23944,7.9694605
23945,6.9604974
23946,6.535258
23947,13.983202
23948,7.665397
23949,14.134275
23950,12.956575
23951,8.598803
23952,8.140167
23953,6.488302
23954,6.6511273
23955,10.321288
23956,9.284955
23957,8.765689
23958,14.130244
23959,7.013988
23960,8.861312
23961,6.566707
23962,13.632041
23963,6.738411
23964,6.237524
23965,6.5306516
23966,6.063475
23967,5.898537
23968,7.4551606
23969,6.4440417
23970,6.120183
23971,6.388632
23972,6.139688
23973,6.2606716
23974,6.102771
23975,5.490161
23976,5.4411745
23977,5.2958117
23978,5.9856753
23979,5.482328
23980,5.94701
23981,5.8434134
23982,5.851844
23983,5.773582
23984,5.2357025
23985,5.26771
23986,5.1318727
23987,5.573225
23988,9.013739
23989,5.9608774
23990,8.5425205
23991,6.075736
23992,5.605905
23993,5.318739
23994,6.9915195
23995,5.8941703
23996,13.931617
23997,5.9658914
23998,5.835171
23999,9.196526
24000,6.526389
24001,13.83042
24002,6.4432325
24003,5.7124963
24004,13.222243
24005,6.5077114
24006,12.59489
24007,6.709679
24008,5.6597953
24009,5.6676874
24010,5.6005645
24011,8.766435
24012,6.361513
24013,5.480474
24014,5.328804
24015,13.572475
24016,5.8575606
24017,5.4214783
24018,5.8164263
24019,5.452405
24020,9.695949
24021,5.9322605
24022,8.964759
24023,8.271798
24024,5.7618804
24025,5.5127044
24026,5.2738414
24027,5.2547493
24028,5.0721664
24029,4.9925117
24030,4.8954635
24031,6.09769
24032,5.216422
24033,4.798085
24034,5.3565645
24035,5.1486998
24036,7.6413393
24037,6.125192
24038,13.248172
24039,13.989334
24040,13.182369
24041,6.4122357
24042,11.518181
24043,13.670359
24044,6.8527
24045,6.3671956
24046,12.484799
24047,8.772253
24048,6.358921
24049,8.048255
24050,6.2510614
24051,7.141138
24052,6.7095284
24053,14.033954
24054,7.353557
24055,6.5470166
24056,5.755523
24057,5.723411
24058,5.4779563
24059,7.512595
24060,6.5436087
24061,5.7943254
24062,7.934696
24063,5.856042
24064,10.720797
24065,6.056599
24066,5.8902855
24067,13.063311
24068,12.080642
24069,6.656294
24070,5.881063
24071,5.743898
24072,5.5734525
24073,7.318274
24074,9.506234
24075,7.502003
24076,6.1429734
24077,13.989846
24078,6.3938813
24079,6.4879017
24080,5.989436
24081,5.3589163
24082,7.1631513
24083,13.977627
24084,14.014825
24085,13.8879
24086,14.107318
24087,14.0728245
24088,11.352362
24089,14.130021
24090,14.282894
24091,14.028915
24092,14.206643
24093,14.298974
24094,7.662537
24095,13.864622
24096,7.268947
24097,6.9402785
24098,6.4847746
24099,6.175731
24100,6.2772536
24101,11.496906
24102,11.274843
24103,14.157324
24104,14.26281
24105,14.148382
24106,14.332821
24107,11.38882
24108,14.312071
24109,14.313852
24110,11.450851
24111,14.320941
24112,8.929095
24113,6.971628
24114,6.60211
24115,6.3788934
24116,12.57533
24117,14.030274
24118,6.9768314
24119,10.021596
24120,14.279626
24121,8.470642
24122,6.8690286
24123,6.5268407
24124,14.186426
24125,8.096072
24126,6.5523224
24127,12.992191
24128,12.114711
24129,10.4180565
24130,12.884569
24131,13.977337
24132,14.325662
24133,8.760948
24134,10.53742
24135,14.288801
24136,14.228032
24137,7.4799075
24138,6.6858773
24139,6.7668915
24140,13.874043
24141,13.929511
24142,14.312507
24143,14.279808
24144,14.339187
24145,14.350951
24146,10.513561
24147,7.679883
24148,14.230055
24149,14.3300295
24150,11.9798155
24151,7.0065656
24152,14.09315
24153,14.319667
24154,7.5111017
24155,6.860183
24156,7.8693204
24157,10.568823
24158,14.189215
24159,14.147601
24160,14.331232
24161,13.92891
24162,14.244523
24163,7.7183924
24164,14.03411
24165,14.329384
24166,14.263886
24167,14.254163
24168,8.998871
24169,14.227877
24170,14.189178
24171,7.928294
24172,6.798643
24173,14.29419
24174,14.315492
24175,12.384857
24176,13.690748
24177,7.9625964
24178,7.5802126
24179,10.190617
24180,9.227781
24181,11.918723
24182,14.091276
24183,14.074385
24184,14.124697
24185,14.252256
24186,14.309008
24187,14.217835
24188,14.28822
24189,14.343329
24190,14.252921
24191,14.247492
24192,14.095304
24193,13.764811
24194,9.310362
24195,13.229502
24196,13.624201
24197,13.821914
24198,13.005529
24199,8.481568
24200,13.905573
24201,14.130424
24202,12.286904
24203,10.428724
24204,7.557081
24205,13.4648285
24206,13.124059
24207,11.496273
24208,10.334392
24209,14.080739
24210,13.511215
24211,10.21261
24212,9.907843
24213,14.160934
24214,14.115315
24215,14.101829
24216,13.281172
24217,14.301265
24218,14.253811
24219,14.296672
24220,11.561761
24221,9.712888
24222,7.5723763
24223,10.137468
24224,10.019859
24225,7.3000283
24226,7.079565
24227,6.8068647
24228,6.4927278
24229,6.3757257
24230,6.362296
24231,6.2686377
24232,6.033653
24233,5.9825397
24234,9.578632
24235,14.185047
24236,6.9151525
24237,11.168702
24238,6.9108872
24239,6.680888
24240,6.5372143
24241,13.506054
24242,7.00277
24243,6.509159
24244,6.244745
24245,8.535207
24246,6.5983753
24247,9.63501
24248,6.816508
24249,6.3116803
24250,6.309786
24251,9.845679
24252,6.8996305
24253,13.166991
24254,14.247344
24255,14.152632
24256,14.266959
24257,14.256854
24258,8.923942
24259,6.657457
24260,12.304752
24261,6.9309163
24262,6.517311
24263,8.553816
24264,13.524143
24265,14.239163
24266,7.2974577
24267,6.4462323
24268,6.421737
24269,8.807085
24270,7.8219495
24271,6.837668
24272,6.418016
24273,6.0674047
24274,10.559977
24275,13.971745
24276,14.29332
24277,14.228516
24278,14.298037
24279,7.6348186
24280,6.8356514
24281,6.443406
24282,5.989608
24283,5.854918
24284,6.619578
24285,11.826169
24286,6.2488127
24287,11.67428
24288,7.099998
24289,6.2658057
24290,6.3641186
24291,6.0844054
24292,5.880294
24293,5.826858
24294,7.0469766
24295,11.085228
24296,14.179583
24297,7.447859
24298,14.138348
24299,7.7841706
24300,13.845044
24301,7.0794387
24302,14.150535
24303,8.803588
24304,14.194733
24305,14.099535
24306,7.187011
24307,14.173179
24308,7.9935923
24309,6.694277
24310,6.4789076
24311,6.839398
24312,6.7728515
24313,9.62427
24314,6.4700317
24315,8.197355
24316,7.097614
24317,7.176182
24318,12.489339
24319,8.135049
24320,9.600582
24321,14.269328
24322,9.115749
24323,6.656865
24324,13.433118
24325,9.537708
24326,14.223537
24327,6.6875997
24328,6.4618893
24329,6.415565
24330,6.0768924
24331,5.919383
24332,5.7948174
24333,5.8676066
24334,9.983296
24335,6.880879
24336,11.013847
24337,9.256363
24338,13.694369
24339,9.40132
24340,13.999247
24341,14.177301
24342,14.264047
24343,9.049237
24344,14.247946
24345,14.230074
24346,12.786231
24347,10.296721
24348,13.671236
24349,13.157643
24350,13.940906
24351,14.193296
24352,14.220789
24353,14.110919
24354,14.089703
24355,14.275519
24356,14.264113
24357,14.227518
24358,14.2170515
24359,14.292736
24360,14.331852
24361,9.385891
24362,14.181711
24363,14.326249
24364,9.994492
24365,7.6334352
24366,10.163459
24367,8.369701
24368,14.000099
24369,11.282191
24370,13.815868
24371,14.30566
24372,8.15511
24373,13.765783
24374,14.290231
24375,14.351448
24376,14.232827
24377,14.34606
24378,14.321369
24379,14.289379
24380,14.069105
24381,14.228768
24382,14.281226
24383,14.271978
24384,14.150312
24385,14.259979
24386,14.244726
24387,14.130253
24388,9.507565
24389,13.338786
24390,13.177933
24391,14.024893
24392,13.783262
24393,14.321367
24394,14.004422
24395,14.1255045
24396,14.154426
24397,14.207919
24398,12.586047
24399,14.066736
24400,14.066266
24401,14.215087
24402,13.675441
24403,11.470475
24404,13.8255625
24405,14.029051
24406,13.668555
24407,14.148402
24408,14.204765
24409,13.4249
24410,13.051396
24411,13.412742
24412,13.631538
24413,14.110798
24414,13.919333
24415,8.024604
24416,9.796291
24417,12.187052
24418,13.450975
24419,14.024612
24420,13.5949335
24421,14.008977
24422,11.031294
24423,10.775321
24424,13.891427
24425,7.429219
24426,7.200844
24427,6.931475
24428,8.822575
24429,14.120581
24430,8.004257
24431,12.325227
24432,13.874278
24433,11.305244
24434,14.250917
24435,14.19329
24436,7.849408
24437,13.41109
24438,7.4856367
24439,9.606523
24440,13.945275
24441,13.98971
24442,14.275398
24443,14.2794485
24444,14.155374
24445,12.187774
24446,9.223997
24447,10.47054
24448,13.710422
24449,13.093683
24450,14.1763115
24451,9.154272
24452,11.076363
24453,10.659548
24454,10.583574
24455,13.721329
24456,11.794711
24457,13.735113
24458,14.020223
24459,7.565406
24460,9.710866
24461,14.140802
24462,14.285816
24463,14.334853
24464,8.4749975
24465,7.519909
24466,7.062383
24467,6.8382664
24468,13.859657
24469,14.098045
24470,13.567305
24471,14.127033
24472,13.794829
24473,14.154322
24474,14.278081
24475,14.27927
24476,14.29978
24477,14.313837
24478,14.325437
24479,14.292467
24480,14.223734
24481,14.215706
24482,14.33454
24483,14.27646
24484,14.150902
24485,14.251609
24486,14.287867
24487,14.320951
24488,14.335489
24489,14.306807
24490,14.280671
24491,14.296567
24492,14.268566
24493,14.251723
24494,14.317055
24495,14.300849
24496,14.324999
24497,14.309946
24498,14.329426
24499,12.557877
24500,14.080114
24501,14.246076
24502,14.305449
24503,14.33823
24504,13.603061
24505,8.281727
24506,14.184402
24507,14.328621
24508,14.320158
24509,10.292285
24510,14.213198
24511,9.656302
24512,14.070219
24513,9.971459
24514,7.5473466
24515,9.2277565
24516,7.6319833
24517,6.958276
24518,8.948747
24519,7.6922626
24520,13.318801
24521,13.067786
24522,7.3503237
24523,6.943291
24524,6.646396
24525,6.5399947
24526,7.3578253
24527,6.8998256
24528,13.858817
24529,7.7658834
24530,6.623757
24531,8.280971
24532,14.190817
24533,7.5009823
24534,6.803331
24535,6.520467
24536,6.5674415
24537,6.279498
24538,6.0712914
24539,6.0292864
24540,5.927862
24541,5.965458
24542,7.761391
24543,6.470582
24544,6.0818725
24545,13.017019
24546,6.559115
24547,6.0273623
24548,11.398755
24549,6.4603424
24550,5.979109
24551,5.83561
24552,8.920189
24553,6.540924
24554,5.9121027
24555,5.605874
24556,5.5333223
24557,5.404869
24558,5.3343964
24559,9.886717
24560,5.8025055
24561,5.6828523
24562,5.1659384
24563,5.877417
24564,5.439162
24565,8.918941
24566,5.668672
24567,7.132121
24568,5.708511
24569,10.068102
24570,5.8912745
24571,13.541405
24572,6.225201
24573,13.334798
24574,6.0328827
24575,5.7285156
24576,14.040185
24577,8.711777
24578,12.912436
24579,14.172256
24580,13.958285
24581,14.121929
24582,14.239758
24583,7.092597
24584,13.406059
24585,10.02904
24586,13.571275
24587,7.2214184
24588,9.00754
24589,14.23055
24590,13.298192
24591,14.035547
24592,14.286118
24593,14.298071
24594,11.04905
24595,14.277988
24596,14.305137
24597,14.305855
24598,14.128994
24599,13.787476
24600,8.712021
24601,14.231319
24602,10.999564
24603,14.2943535
24604,14.107988
24605,13.636743
24606,13.991384
24607,10.823035
24608,11.06267
24609,11.258356
24610,14.201993
24611,14.146289
24612,14.281206
24613,13.773044
24614,14.191504
24615,14.18924
24616,14.265489
24617,14.259108
24618,14.263899
24619,12.511602
24620,9.541641
24621,6.813041
24622,12.031095
24623,14.294821
24624,13.5498495
24625,11.332868
24626,13.903078
24627,14.033087
24628,13.986407
24629,14.123401
24630,14.2065115
24631,14.270413
24632,13.637083
24633,14.1210575
24634,14.2426815
24635,14.2850685
24636,14.212941
24637,14.262969
24638,14.294243
24639,14.1806
24640,14.0347
24641,13.61926
24642,13.480565
24643,11.312996
24644,14.052478
24645,14.0499525
24646,14.09831
24647,14.298561
24648,14.186769
24649,14.252668
24650,14.270582
24651,14.105514
24652,14.298136
24653,14.290743
24654,14.294769
24655,14.287863
24656,14.342534
24657,14.297339
24658,14.333484
24659,14.2854
24660,10.994147
24661,14.28317
24662,14.329723
24663,14.32146
24664,14.318784
24665,14.30305
24666,14.322844
24667,14.017434
24668,9.01297
24669,7.822706
24670,9.980834
24671,8.043242
24672,7.4781218
24673,6.959384
24674,14.035111
24675,14.266198
24676,7.688006
24677,7.1000137
24678,10.393254
24679,14.169336
24680,7.9234757
24681,14.044093
24682,14.069226
24683,9.368791
24684,7.0661087
24685,6.715463
24686,14.034736
24687,7.961589
24688,6.8537617
24689,6.6620073
24690,6.9590893
24691,11.87435
24692,14.195345
24693,7.1512065
24694,14.225635
24695,14.2691765
24696,9.009372
24697,9.848378
24698,14.242916
24699,14.33713
24700,14.250708
24701,14.186858
24702,14.233337
24703,14.341266
24704,8.231884
24705,7.7407327
24706,6.899268
24707,9.0560465
24708,13.827125
24709,6.99413
24710,13.8701105
24711,14.256493
24712,14.014726
24713,7.2267427
24714,7.443306
24715,14.071878
24716,14.276945
24717,14.21995
24718,8.486771
24719,14.244276
24720,12.515662
24721,13.19462
24722,14.269557
24723,9.710717
24724,14.247078
24725,9.185855
24726,6.7736306
24727,13.043352
24728,14.275634
24729,14.250658
24730,14.197475
24731,9.497845
24732,14.129623
24733,14.316405
24734,8.004916
24735,8.749942
24736,14.309391
24737,8.100195
24738,14.2710905
24739,13.018507
24740,7.296149
24741,14.283001
24742,13.36782
24743,7.204754
24744,7.262626
24745,7.202217
24746,6.6364
24747,13.760348
24748,7.1698046
24749,12.623093
24750,7.3331366
24751,7.580058
24752,7.110819
24753,11.529744
24754,7.4536805
24755,14.227531
24756,7.191141
24757,9.788269
24758,9.8079815
24759,6.6024823
24760,6.5323496
24761,11.198582
24762,7.8710675
24763,9.552885
24764,6.8111167
24765,10.066861
24766,13.762317
24767,13.170121
24768,14.072775
24769,9.211361
24770,13.281536
24771,8.700136
24772,13.562946
24773,12.074324
24774,7.4520216
24775,6.813534
24776,6.3946247
24777,6.407102
24778,6.067428
24779,5.9461164
24780,6.0252786
24781,5.7061095
24782,8.99668
24783,6.264808
24784,5.7901893
24785,5.790096
24786,13.389154
24787,6.387956
24788,6.0734262
24789,7.125191
24790,5.9381275
24791,6.0488915
24792,5.525052
24793,7.2301583
24794,14.236463
24795,6.560158
24796,6.004919
24797,5.710611
24798,5.663324
24799,5.568384
24800,10.995287
24801,6.137994
24802,5.972274
24803,7.8243275
24804,13.511152
24805,13.895606
24806,14.290159
24807,7.0866165
24808,6.5949874
24809,5.9193826
24810,13.975731
24811,13.902563
24812,7.2835145
24813,6.059362
24814,7.470094
24815,13.143057
24816,6.704618
24817,8.302708
24818,9.489292
24819,13.671577
24820,6.9483824
24821,6.167256
24822,5.9174204
24823,7.7816486
24824,6.194047
24825,5.7106647
24826,5.7234426
24827,5.5808163
24828,5.5716662
24829,5.335147
24830,10.193978
24831,10.920755
24832,5.774262
24833,9.076139
24834,5.996001
24835,12.980977
24836,6.5779414
24837,5.8785048
24838,6.561482
24839,10.293015
24840,6.470141
24841,14.135843
24842,6.7770042
24843,6.3915124
24844,14.20588
24845,6.3463736
24846,6.0202694
24847,5.827444
24848,5.65146
24849,5.609907
24850,5.309207
24851,5.3733425
24852,10.922021
24853,14.086338
24854,6.69345
24855,6.198962
24856,5.8123426
24857,7.1334825
24858,8.064605
24859,10.490603
24860,13.711517
24861,14.083599
24862,10.705175
24863,12.85202
24864,13.959009
24865,12.179975
24866,10.49885
24867,9.706534
24868,14.136522
24869,13.881449
24870,14.061373
24871,14.154719
24872,14.246037
24873,7.223663
24874,14.161559
24875,14.128399
24876,14.140802
24877,14.262051
24878,14.16939
24879,14.252535
24880,14.088969
24881,13.556547
24882,14.084149
24883,14.275204
24884,14.016779
24885,14.219002
24886,8.786295
24887,8.46583
24888,14.074643
24889,11.833479
24890,13.99727
24891,14.1294985
24892,13.737208
24893,12.567755
24894,13.934607
24895,11.563009
24896,14.238169
24897,14.079661
24898,10.064122
24899,14.236923
24900,8.506239
24901,14.298177
24902,13.977239
24903,7.39851
24904,6.993566
24905,14.120997
24906,10.037967
24907,7.718577
24908,7.2434063
24909,10.175579
24910,7.865865
24911,6.571969
24912,6.51991
24913,6.4501224
24914,8.292184
24915,11.069978
24916,13.284372
24917,9.918466
24918,7.9258847
24919,6.650556
24920,8.638302
24921,11.047323
24922,7.133769
24923,6.5403624
24924,11.110032
24925,7.090566
24926,6.4759483
24927,7.602287
24928,7.5014744
24929,6.663459
24930,6.279235
24931,10.386684
24932,7.3820896
24933,6.20066
24934,5.999732
24935,6.0089793
24936,5.8564053
24937,9.083662
24938,8.384383
24939,14.011084
24940,8.634518
24941,6.11332
24942,7.5751104
24943,13.869762
24944,14.119298
24945,13.253646
24946,9.014904
24947,12.591698
24948,7.953389
24949,14.041646
24950,14.262709
24951,14.270278
24952,8.284246
24953,6.681713
24954,6.6784286
24955,6.349188
24956,12.999888
24957,14.052091
24958,10.202504
24959,6.362205
24960,6.094444
24961,5.926825
24962,9.8190365
24963,7.832889
24964,10.972864
24965,13.861562
24966,10.689851
24967,9.851135
24968,9.842194
24969,9.017786
24970,12.938186
24971,7.1107545
24972,14.136534
24973,14.283865
24974,7.807998
24975,7.2415495
24976,6.4165125
24977,6.318678
24978,8.3087845
24979,7.799711
24980,14.213269
24981,14.306012
24982,14.024498
24983,14.019949
24984,14.245535
24985,14.029721
24986,14.247425
24987,14.278466
24988,14.325554
24989,14.270602
24990,14.312639
24991,14.287183
24992,14.29881
24993,13.379323
24994,8.778858
24995,12.61526
24996,14.088655
24997,14.063011
24998,14.134323
24999,14.105436
25000,14.263289
25001,14.181413
25002,14.051121
25003,14.294413
25004,14.229644
25005,8.031681
25006,8.527472
25007,7.3713603
25008,6.792076
25009,13.814622
25010,7.392944
25011,6.836068
25012,6.4667997
25013,6.2761416
25014,6.33863
25015,6.149185
25016,6.1873116
25017,14.0381365
25018,6.6768847
25019,6.7989945
25020,6.665959
25021,7.1097817
25022,13.909994
25023,14.131954
25024,14.282742
25025,13.933334
25026,14.288409
25027,13.908554
25028,14.200163
25029,14.011871
25030,14.149709
25031,14.029354
25032,13.391641
25033,14.1443
25034,14.309313
25035,14.240723
25036,14.2903595
25037,14.298791
25038,14.270354
25039,14.301803
25040,9.724954
25041,14.268644
25042,14.329405
25043,14.2302265
25044,14.244288
25045,14.232629
25046,14.257248
25047,14.318941
25048,9.578648
25049,7.067438
25050,14.290034
25051,8.029768
25052,13.932491
25053,13.227098
25054,14.011041
25055,10.758821
25056,14.309372
25057,14.289352
25058,13.756356
25059,14.233295
25060,14.204124
25061,14.304131
25062,14.105772
25063,14.331396
25064,14.333943
25065,11.782952
25066,8.114257
25067,14.249778
25068,14.332172
25069,14.344645
25070,14.34237
25071,14.149721
25072,14.247722
25073,9.173329
25074,7.6873856
25075,10.711528
25076,11.919381
25077,10.872164
25078,12.892082
25079,11.056304
25080,14.21299
25081,13.871175
25082,7.5260167
25083,13.916751
25084,14.287407
25085,14.188046
25086,13.015859
25087,14.1126585
25088,14.264663
25089,9.853679
25090,12.40547
25091,9.403957
25092,13.893724
25093,7.9547243
25094,14.151316
25095,14.232071
25096,14.170937
25097,14.328711
25098,13.4893265
25099,13.018963
25100,8.713219
25101,13.748657
25102,7.8163805
25103,10.240121
25104,10.735789
25105,7.515614
25106,6.8340144
25107,11.60469
25108,7.257088
25109,7.872203
25110,13.25371
25111,10.008919
25112,14.255313
25113,14.209604
25114,14.019255
25115,14.052965
25116,14.279593
25117,8.31904
25118,14.296948
25119,7.655346
25120,14.278756
25121,14.116155
25122,7.546633
25123,14.184413
25124,7.829597
25125,14.022233
25126,7.074729
25127,7.059576
25128,7.1760387
25129,9.317183
25130,7.715474
25131,6.9950323
25132,13.427266
25133,7.03422
25134,12.440316
25135,6.899031
25136,6.6454782
25137,6.406373
25138,6.203697
25139,6.078753
25140,5.883621
25141,5.903022
25142,5.8529673
25143,11.005008
25144,13.786593
25145,12.168976
25146,6.6434455
25147,6.262452
25148,6.233313
25149,12.5114355
25150,6.7016582
25151,6.5293546
25152,5.948685
25153,10.660621
25154,14.287346
25155,13.947044
25156,8.381989
25157,9.184613
25158,14.2252
25159,7.218996
25160,6.8689556
25161,10.886563
25162,7.2667212
25163,9.532115
25164,13.922181
25165,7.2903247
25166,14.045843
25167,9.057841
25168,6.7116737
25169,11.52831
25170,11.927562
25171,11.547642
25172,10.842927
25173,7.6357703
25174,14.085215
25175,7.091663
25176,10.279642
25177,14.176091
25178,14.268686
25179,8.808075
25180,14.231485
25181,8.126007
25182,7.3609686
25183,6.7326765
25184,13.714793
25185,13.892374
25186,13.601224
25187,14.303242
25188,13.350779
25189,14.145013
25190,14.26081
25191,14.207703
25192,14.014703
25193,8.538893
25194,7.983339
25195,7.166427
25196,14.127679
25197,14.167852
25198,14.310962
25199,14.193321
25200,13.91756
25201,14.312683
25202,14.286855
25203,14.193425
25204,14.193291
25205,14.311661
25206,7.262267
25207,14.289467
25208,9.10501
25209,13.745965
25210,14.3336735
25211,14.302533
25212,7.9765997
25213,8.33139
25214,13.987074
25215,7.9986963
25216,13.670231
25217,12.613143
25218,14.142409
25219,14.252619
25220,14.318515
25221,10.288987
25222,7.7385073
25223,14.292309
25224,8.049655
25225,7.926859
25226,12.628329
25227,9.075542
25228,14.238548
25229,14.303022
25230,14.251896
25231,14.352684
25232,14.248359
25233,8.420883
25234,14.32184
25235,14.34159
25236,8.968179
25237,14.319296
25238,14.334243
25239,14.33694
25240,14.35344
25241,14.349886
25242,14.355574
25243,14.355985
25244,13.351553
25245,14.334693
25246,10.340287
25247,11.752423
25248,14.077518
25249,7.6944275
25250,12.435647
25251,14.047742
25252,12.527106
25253,14.285017
25254,14.342605
25255,14.243744
25256,14.3276
25257,14.350409
25258,14.345569
25259,14.324764
25260,14.323556
25261,14.327031
25262,14.314006
25263,14.329298
25264,14.352937
25265,14.350454
25266,14.314435
25267,14.319461
25268,12.622203
25269,14.292761
25270,14.252351
25271,14.3223295
25272,14.338922
25273,14.34519
25274,14.340842
25275,14.345661
25276,14.359539
25277,10.820878
25278,10.210359
25279,13.704821
25280,7.819635
25281,14.172898
25282,7.856016
25283,14.146734
25284,13.950292
25285,7.842526
25286,11.48804
25287,8.476706
25288,7.527348
25289,7.2586756
25290,7.14194
25291,6.9826636
25292,7.0196624
25293,6.58889
25294,6.783336
25295,7.009081
25296,7.380234
25297,12.482721
25298,14.269398
25299,14.317057
25300,8.40804
25301,9.41629
25302,13.113633
25303,12.613067
25304,10.28099
25305,14.03206
25306,12.35592
25307,7.682402
25308,9.681155
25309,14.18843
25310,14.264872
25311,8.793342
25312,13.065214
25313,13.072473
25314,14.190278
25315,12.949129
25316,14.005955
25317,14.267835
25318,14.19331
25319,14.176601
25320,14.243495
25321,14.196553
25322,14.219057
25323,14.234513
25324,14.20004
25325,14.292188
25326,14.110394
25327,14.162689
25328,14.25792
25329,14.28276
25330,14.234146
25331,14.310732
25332,14.284656
25333,10.007192
25334,14.000207
25335,10.710031
25336,8.437993
25337,14.142712
25338,14.275254
25339,14.320967
25340,13.239103
25341,14.265947
25342,13.518401
25343,10.03166
25344,14.18419
25345,8.009919
25346,14.084051
25347,14.339212
25348,8.960251
25349,12.531319
25350,13.9478
25351,9.333138
25352,11.664933
25353,13.432735
25354,9.665045
25355,8.240336
25356,7.138397
25357,13.294633
25358,14.331236
25359,14.294503
25360,14.321706
25361,8.276466
25362,14.055383
25363,9.187358
25364,7.137046
25365,14.187341
25366,8.689905
25367,14.145001
25368,8.663231
25369,6.977794
25370,6.9906797
25371,6.673059
25372,6.6773815
25373,6.4248953
25374,6.301191
25375,6.3217373
25376,6.0788245
25377,6.1372075
25378,6.539391
25379,7.119334
25380,6.6859455
25381,6.267804
25382,6.5569897
25383,10.731055
25384,14.13764
25385,7.1453614
25386,6.3776712
25387,7.1780915
25388,6.8062396
25389,7.8668547
25390,10.26906
25391,9.220617
25392,7.117884
25393,6.3593087
25394,6.025036
25395,13.737127
25396,7.6260424
25397,6.63111
25398,13.7739315
25399,7.25334
25400,6.4619107
25401,5.9058285
25402,5.765739
25403,8.205235
25404,6.3213105
25405,5.977703
25406,5.7407346
25407,6.0674534
25408,5.795609
25409,5.481956
25410,5.512459
25411,5.8849096
25412,5.8935766
25413,5.672673
25414,5.41842
25415,5.253993
25416,6.5839715
25417,5.707481
25418,5.409416
25419,5.0366516
25420,5.1231647
25421,6.966801
25422,5.6846976
25423,5.397917
25424,5.7934246
25425,13.167958
25426,10.850409
25427,13.614222
25428,6.7279925
25429,8.035566
25430,13.801431
25431,6.6286964
25432,5.9635077
25433,13.745468
25434,6.622926
25435,5.783662
25436,5.7876105
25437,5.5730834
25438,10.931084
25439,9.165084
25440,6.712909
25441,5.8890924
25442,6.057294
25443,6.885745
25444,6.1900187
25445,7.23557
25446,6.030886
25447,10.002917
25448,6.096012
25449,5.758491
25450,5.5244036
25451,6.0784698
25452,5.483808
25453,5.228628
25454,7.809297
25455,10.19229
25456,6.033616
25457,5.3463016
25458,5.440151
25459,5.1882167
25460,5.0782585
25461,4.8880777
25462,4.777895
25463,5.1114416
25464,9.100943
25465,5.279909
25466,5.057026
25467,4.917639
25468,8.260825
25469,5.523664
25470,10.607222
25471,6.3053055
25472,5.379397
25473,6.0996733
25474,5.4567776
25475,6.1572266
25476,5.773305
25477,5.3330703
25478,6.236981
25479,6.344301
25480,13.068199
25481,6.448478
25482,5.959969
25483,5.557898
25484,5.324464
25485,6.5519876
25486,5.764431
25487,5.2126045
25488,5.159053
25489,5.0192833
25490,4.844995
25491,4.8077965
25492,4.573258
25493,4.7004547
25494,12.751823
25495,6.1140385
25496,5.3599243
25497,4.8969507
25498,5.1304708
25499,4.825491
25500,4.6405854
25501,4.646346
25502,4.531124
25503,4.5598507
25504,4.743371
25505,4.493293
25506,4.566636
25507,4.2696915
25508,4.642214
25509,4.4091687
25510,4.3345394
25511,5.2593865
25512,6.602033
25513,5.047717
25514,6.2848144
25515,5.584961
25516,10.422258
25517,5.6705093
25518,5.128157
25519,4.986042
25520,4.6932144
25521,4.671883
25522,7.6770797
25523,5.53367
25524,5.065036
25525,8.137537
25526,6.4535675
25527,12.655516
25528,13.328006
25529,13.515896
25530,6.066474
25531,6.378761
25532,8.556398
25533,6.097561
25534,9.971874
25535,7.798109
25536,5.7648644
25537,7.2404695
25538,13.543623
25539,5.91299
25540,8.855076
25541,13.603684
25542,14.181092
25543,14.278582
25544,14.259113
25545,14.279818
25546,8.470597
25547,13.970469
25548,14.147067
25549,10.324403
25550,11.817713
25551,14.264659
25552,14.203153
25553,11.342333
25554,9.534266
25555,7.615546
25556,7.6128387
25557,6.131882
25558,6.7409167
25559,7.799535
25560,14.005016
25561,13.365662
25562,9.525311
25563,10.198883
25564,6.632398
25565,14.225634
25566,14.199531
25567,14.298793
25568,9.519549
25569,8.268312
25570,6.456905
25571,14.234602
25572,7.6082196
25573,6.5589533
25574,8.13701
25575,13.746812
25576,7.409611
25577,9.607583
25578,7.218984
25579,7.890084
25580,13.923795
25581,7.9774055
25582,14.204757
25583,7.44442
25584,14.028888
25585,14.318153
25586,9.632022
25587,7.148079
25588,6.439663
25589,6.361536
25590,6.323857
25591,6.1347513
25592,6.0050545
25593,5.8321724
25594,5.701486
25595,8.272358
25596,6.24354
25597,7.526465
25598,13.980067
25599,6.8224907
25600,8.666994
25601,14.218931
25602,6.854816
25603,6.3169646
25604,6.1914682
25605,13.353117
25606,14.245844
25607,12.992438
25608,7.765535
25609,6.6397004
25610,6.6227846
25611,8.778678
25612,6.395928
25613,6.10672
25614,6.984516
25615,8.703903
25616,6.7335396
25617,6.1197963
25618,6.4258113
25619,9.36734
25620,12.329488
25621,10.701883
25622,13.471466
25623,7.3696423
25624,13.8789015
25625,6.577233
25626,6.2589393
25627,5.7638507
25628,5.644044
25629,5.4762974
25630,5.4721684
25631,5.959745
25632,9.322788
25633,6.579732
25634,6.0004854
25635,5.935701
25636,8.341972
25637,6.0122623
25638,5.654437
25639,5.498254
25640,5.4868484
25641,5.135517
25642,5.017285
25643,5.0592895
25644,8.539342
25645,5.805141
25646,5.8277993
25647,6.0998297
25648,8.745955
25649,6.730036
25650,5.6423235
25651,5.2808905
25652,6.341047
25653,5.8034306
25654,6.577508
25655,12.725431
25656,6.0949087
25657,5.7953672
25658,8.145332
25659,13.552262
25660,11.860473
25661,9.362352
25662,14.215936
25663,12.410971
25664,6.582844
25665,6.643787
25666,14.15926
25667,13.100327
25668,11.949805
25669,6.498604
25670,6.296652
25671,6.173169
25672,6.062852
25673,13.505841
25674,13.891477
25675,7.684857
25676,5.843896
25677,6.1864843
25678,9.137002
25679,7.048662
25680,5.9682517
25681,14.025222
25682,6.6144476
25683,8.324388
25684,6.125287
25685,5.990247
25686,9.589782
25687,6.1765656
25688,5.6983337
25689,10.955497
25690,8.599726
25691,6.1655407
25692,6.0528684
25693,5.698735
25694,9.639878
25695,6.155306
25696,5.835988
25697,10.051561
25698,5.9902005
25699,5.960633
25700,5.579818
25701,6.1760316
25702,6.208036
25703,5.639765
25704,7.33406
25705,12.294122
25706,7.1410604
25707,8.85354
25708,8.381908
25709,6.893374
25710,7.6235037
25711,6.1822324
25712,9.5381365
25713,6.3317556
25714,8.31324
25715,6.5588083
25716,5.952942
25717,5.8032207
25718,5.467121
25719,5.5626082
25720,5.443177
25721,5.695725
25722,7.893084
25723,6.1933045
25724,5.437432
25725,5.5146265
25726,6.0599
25727,11.755096
25728,8.39124
25729,9.264967
25730,10.304128
25731,6.0942607
25732,5.686167
25733,12.007212
25734,14.193033
25735,7.3847504
25736,6.2824564
25737,10.599536
25738,8.993272
25739,5.9952326
25740,6.8885665
25741,6.3454447
25742,7.9564295
25743,8.315186
25744,6.339505
25745,14.193569
25746,13.334033
25747,9.197557
25748,11.272811
25749,13.575338
25750,14.069367
25751,14.299915
25752,14.273922
25753,10.096384
25754,14.097491
25755,7.687423
25756,8.911651
25757,6.6197042
25758,6.2769775
25759,7.879093
25760,8.413161
25761,6.81413
25762,8.795338
25763,13.536244
25764,13.111329
25765,7.96621
25766,11.344961
25767,14.244656
25768,13.05449
25769,7.07244
25770,14.070175
25771,14.316975
25772,14.280813
25773,14.334325
25774,14.300257
25775,14.302973
25776,11.329683
25777,12.168711
25778,8.5823145
25779,14.241131
25780,14.227441
25781,8.06652
25782,13.536975
25783,14.048724
25784,8.024776
25785,6.913603
25786,7.1439795
25787,8.06341
25788,13.513684
25789,14.280887
25790,14.331969
25791,8.959126
25792,12.752023
25793,7.964809
25794,6.710053
25795,7.4626446
25796,6.9934535
25797,7.2693243
25798,7.2364645
25799,6.534031
25800,11.305237
25801,10.782856
25802,6.546498
25803,6.586968
25804,7.9429283
25805,14.175985
25806,13.187376
25807,13.135674
25808,7.27379
25809,14.256687
25810,14.288527
25811,9.927587
25812,14.089328
25813,14.286649
25814,7.726071
25815,14.146375
25816,14.111704
25817,7.7310038
25818,8.501911
25819,11.409573
25820,13.154784
25821,13.966233
25822,7.0337257
25823,11.563256
25824,8.209783
25825,6.7896466
25826,8.906401
25827,13.906121
25828,14.158228
25829,7.869349
25830,14.1520405
25831,14.306279
25832,8.597065
25833,7.9977307
25834,6.84092
25835,6.4773607
25836,6.904651
25837,6.7190104
25838,6.880353
25839,14.200799
25840,14.222788
25841,12.559988
25842,7.2107544
25843,7.280008
25844,9.387711
25845,12.467125
25846,12.105672
25847,7.76124
25848,13.963323
25849,14.109468
25850,8.592483
25851,13.412874
25852,7.156752
25853,13.790688
25854,14.070646
25855,6.8340197
25856,7.6008854
25857,7.1086774
25858,8.268112
25859,6.7485256
25860,6.4260044
25861,8.339002
25862,6.6092777
25863,6.980262
25864,13.844274
25865,14.279371
25866,14.288107
25867,14.182188
25868,7.0517006
25869,9.204717
25870,7.6432724
25871,13.274574
25872,10.690827
25873,6.802169
25874,6.646473
25875,7.266226
25876,6.4424458
25877,9.765227
25878,14.157034
25879,7.44462
25880,13.943829
25881,6.7907863
25882,6.5270233
25883,6.3065786
25884,11.382614
25885,6.5012326
25886,7.906248
25887,6.8587427
25888,6.180329
25889,5.9395065
25890,5.9733286
25891,6.3118367
25892,5.7583547
25893,7.2205787
25894,6.1076565
25895,10.925741
25896,14.118545
25897,14.15432
25898,7.3176417
25899,6.370883
25900,8.102308
25901,7.54743
25902,14.244834
25903,6.6916704
25904,9.963041
25905,7.0587754
25906,6.066132
25907,5.8041644
25908,5.870089
25909,7.431852
25910,13.848368
25911,7.661285
25912,6.109258
25913,8.23755
25914,9.567964
25915,7.0563874
25916,12.206422
25917,6.855245
25918,7.1620727
25919,8.837764
25920,6.35732
25921,6.4912577
25922,6.1959367
25923,6.156937
25924,7.9960327
25925,13.687177
25926,14.108912
25927,14.224661
25928,6.9990525
25929,7.975379
25930,13.60375
25931,13.8963785
25932,13.7007
25933,14.023914
25934,14.193793
25935,14.288023
25936,14.19727
25937,14.087077
25938,13.073633
25939,13.001274
25940,7.7084894
25941,6.499884
25942,10.83275
25943,14.195288
25944,14.23632
25945,14.182148
25946,14.170975
25947,14.222552
25948,14.058873
25949,14.1314125
25950,14.291143
25951,11.249426
25952,9.269781
25953,14.123627
25954,12.8394575
25955,7.71608
25956,7.165876
25957,7.208149
25958,6.513327
25959,6.921511
25960,13.552164
25961,11.637607
25962,10.173829
25963,13.763792
25964,9.848861
25965,13.978811
25966,14.240946
25967,14.223434
25968,10.002221
25969,14.312725
25970,14.321856
25971,14.328894
25972,8.850414
25973,14.26247
25974,13.358069
25975,14.161969
25976,14.250459
25977,14.072544
25978,7.9246883
25979,9.053519
25980,13.78026
25981,7.4513593
25982,13.798732
25983,14.067091
25984,13.966974
25985,14.079808
25986,8.803767
25987,13.643236
25988,13.292785
25989,7.735394
25990,14.159902
25991,9.047962
25992,9.279432
25993,12.592804
25994,8.466596
25995,13.691994
25996,13.654757
25997,11.750368
25998,7.1562557
25999,12.5849
26000,9.220447
26001,7.163006
26002,6.673835
26003,7.1144514
26004,11.009884
26005,9.968904
26006,14.131829
26007,7.5014844
26008,12.097749
26009,9.803094
26010,7.189695
26011,11.46987
26012,10.12712
26013,7.3304734
26014,13.928114
26015,7.085051
26016,10.548085
26017,13.956248
26018,13.070382
26019,13.9634285
26020,14.258321
26021,14.295483
26022,14.227519
26023,8.5276165
26024,14.274353
26025,12.79821
26026,14.233579
26027,8.038417
26028,7.1130657
26029,6.925397
26030,7.07351
26031,13.136797
26032,7.2781787
26033,13.985396
26034,7.293867
26035,8.067182
26036,7.521407
26037,11.101298
26038,8.580394
26039,7.748123
26040,8.523455
26041,8.300633
26042,6.8278255
26043,11.327343
26044,10.07413
26045,9.668215
26046,11.003163
26047,11.310029
26048,10.883167
26049,7.21704
26050,6.97129
26051,6.388976
26052,9.71377
26053,6.748044
26054,13.980025
26055,14.2606125
26056,14.0412
26057,13.540115
26058,14.266588
26059,14.123827
26060,7.7332387
26061,9.00621
26062,12.630638
26063,13.817576
26064,13.927136
26065,14.072046
26066,13.948025
26067,13.863138
26068,13.314835
26069,13.805274
26070,10.039989
26071,14.222
26072,13.654026
26073,14.193121
26074,14.316803
26075,14.159723
26076,13.53695
26077,8.309484
26078,7.4721494
26079,9.246245
26080,14.232003
26081,14.13082
26082,14.00238
26083,14.012082
26084,7.885912
26085,10.077932
26086,8.633322
26087,14.179376
26088,14.269571
26089,13.960238
26090,9.965183
26091,7.769718
26092,7.5046554
26093,8.923873
26094,14.138147
26095,7.952576
26096,10.327949
26097,14.27041
26098,14.168182
26099,14.299776
26100,8.4200735
26101,7.3601894
26102,8.548998
26103,6.850022
26104,6.681959
26105,14.21941
26106,14.044834
26107,14.059139
26108,14.241095
26109,7.958435
26110,14.109046
26111,7.834491
26112,14.214081
26113,10.281643
26114,7.5842495
26115,14.142997
26116,7.256074
26117,10.158299
26118,14.272974
26119,13.350325
26120,14.229513
26121,14.330408
26122,8.61964
26123,12.705558
26124,8.702902
26125,13.680446
26126,9.589868
26127,14.196968
26128,14.019496
26129,10.149976
26130,14.308648
26131,10.889836
26132,8.495891
26133,9.3063545
26134,9.84531
26135,10.705404
26136,14.30992
26137,14.250551
26138,14.182927
26139,14.236904
26140,14.221451
26141,14.305782
26142,14.2370615
26143,9.273867
26144,14.068967
26145,13.477683
26146,14.224413
26147,13.157118
26148,14.152124
26149,14.28287
26150,13.588274
26151,8.425691
26152,7.3395715
26153,14.077801
26154,14.315185
26155,14.053069
26156,7.9927015
26157,10.321578
26158,7.6897798
26159,13.686501
26160,7.942372
26161,7.302044
26162,6.9685993
26163,8.286497
26164,8.237844
26165,7.0957007
26166,14.022849
26167,13.984825
26168,7.8218737
26169,6.6435723
26170,6.5698867
26171,10.5531225
26172,14.175622
26173,14.13212
26174,14.340865
26175,14.23174
26176,8.011259
26177,13.835888
26178,14.183674
26179,14.147117
26180,14.263059
26181,7.5927835
26182,6.9297543
26183,7.905432
26184,9.523616
26185,7.0571723
26186,6.71761
26187,7.15035
26188,6.7781
26189,7.665276
26190,6.752144
26191,6.368027
26192,7.4797587
26193,6.6516943
26194,6.0614185
26195,6.052379
26196,5.921593
26197,5.9906926
26198,5.6102505
26199,6.2482915
26200,6.1515217
26201,5.6683216
26202,6.7329826
26203,10.769294
26204,13.956146
26205,7.059109
26206,6.069692
26207,6.6048822
26208,12.630661
26209,6.3167834
26210,6.2664523
26211,10.8950615
26212,6.3034472
26213,13.9375
26214,6.9476395
26215,7.2688584
26216,6.136313
26217,5.8434076
26218,9.701594
26219,14.092322
26220,6.9272733
26221,5.8933997
26222,7.687509
26223,8.564915
26224,14.21019
26225,6.552946
26226,6.144932
26227,6.060249
26228,5.726784
26229,6.701213
26230,6.1188073
26231,13.587098
26232,14.012909
26233,13.6555
26234,13.851652
26235,14.226009
26236,14.240299
26237,9.079929
26238,14.224259
26239,14.302923
26240,14.322547
26241,14.323858
26242,9.908026
26243,14.300301
26244,11.3521595
26245,7.118601
26246,6.7201467
26247,11.002355
26248,14.256341
26249,8.1786995
26250,13.986204
26251,7.020805
26252,14.278268
26253,7.140226
26254,14.00024
26255,7.921578
26256,14.2322
26257,14.332451
26258,9.134612
26259,13.740763
26260,8.003426
26261,6.6665716
26262,13.564629
26263,14.313905
26264,14.228198
26265,14.311016
26266,7.7796245
26267,14.218538
26268,10.687886
26269,7.328257
26270,6.6405883
26271,12.728088
26272,9.079796
26273,14.292882
26274,9.353102
26275,6.7359123
26276,14.287518
26277,14.239949
26278,14.342762
26279,10.236746
26280,14.313391
26281,14.317023
26282,9.53366
26283,14.154907
26284,14.305903
26285,8.349922
26286,13.928283
26287,14.327739
26288,14.268052
26289,14.211312
26290,7.783473
26291,7.3863716
26292,14.266246
26293,8.577389
26294,9.980115
26295,14.287389
26296,8.614985
26297,7.982153
26298,6.805367
26299,9.716811
26300,7.9706798
26301,6.9226494
26302,6.3140683
26303,6.3873544
26304,6.3474517
26305,6.091289
26306,5.917351
26307,12.7603445
26308,7.4338646
26309,6.473039
26310,6.488737
26311,6.2843823
26312,11.535831
26313,6.5524073
26314,6.473652
26315,13.597774
26316,6.6385155
26317,13.979775
26318,7.2418766
26319,8.980473
26320,8.584167
26321,12.943537
26322,6.8300695
26323,6.400244
26324,6.1493044
26325,9.350803
26326,6.3182964
26327,6.140337
26328,13.919433
26329,6.2138653
26330,6.1224074
26331,5.9092393
26332,5.7297797
26333,5.7200437
26334,5.49615
26335,5.325551
26336,5.416086
26337,7.1089296
26338,12.566824
26339,12.5475645
26340,11.891513
26341,7.2919044
26342,6.6882524
26343,14.080582
26344,14.145596
26345,8.306311
26346,6.3439283
26347,8.52466
26348,14.075139
26349,14.252755
26350,14.301563
26351,14.315113
26352,12.724562
26353,6.9890075
26354,14.0918455
26355,7.692213
26356,7.818979
26357,7.88887
26358,14.096556
26359,14.239331
26360,14.211388
26361,6.865325
26362,14.203247
26363,7.9688
26364,6.660469
26365,13.620362
26366,7.3924937
26367,6.3307686
26368,6.2252126
26369,5.753295
26370,5.96861
26371,5.6108336
26372,9.422858
26373,12.781668
26374,14.205227
26375,7.1886306
26376,14.069102
26377,13.321552
26378,14.082886
26379,11.2877445
26380,14.067486
26381,11.451335
26382,7.11835
26383,6.5168114
26384,6.4006453
26385,13.843276
26386,13.65961
26387,10.217691
26388,14.223946
26389,12.167517
26390,9.757549
26391,11.782025
26392,13.96001
26393,14.277288
26394,14.043586
26395,14.030424
26396,14.198438
26397,14.053364
26398,14.3040285
26399,14.304965
26400,8.600526
26401,14.235096
26402,14.16695
26403,14.273204
26404,9.693615
26405,14.224359
26406,14.148468
26407,14.287634
26408,14.108872
26409,14.281753
26410,8.9135
26411,14.001692
26412,14.106699
26413,8.028494
26414,7.7818737
26415,7.417242
26416,8.231838
26417,7.760791
26418,7.167097
26419,8.821004
26420,13.254919
26421,14.101419
26422,14.208538
26423,14.321184
26424,14.132788
26425,7.8898754
26426,13.94695
26427,8.69597
26428,6.9608493
26429,14.230263
26430,7.676047
26431,7.9814115
26432,14.081003
26433,14.283927
26434,14.242787
26435,8.740888
26436,7.1146593
26437,13.3977785
26438,13.665417
26439,13.768021
26440,7.7543793
26441,14.102563
26442,9.250669
26443,14.10599
26444,14.277059
26445,11.183044
26446,14.194658
26447,7.382438
26448,10.903385
26449,13.850359
26450,8.875911
26451,9.841623
26452,14.308573
26453,14.320161
26454,14.043786
26455,7.8294973
26456,7.21473
26457,6.9686646
26458,6.7070975
26459,13.916456
26460,9.788683
26461,9.304846
26462,14.004005
26463,10.421887
26464,7.1512284
26465,12.763869
26466,8.944875
26467,14.230753
26468,7.9786396
26469,10.255245
26470,14.310503
26471,7.292098
26472,7.18425
26473,10.363905
26474,9.6652775
26475,10.572164
26476,14.094921
26477,8.690908
26478,8.313068
26479,6.7518983
26480,6.524809
26481,8.734904
26482,7.030542
26483,7.458465
26484,6.500202
26485,6.270138
26486,10.13613
26487,6.8799562
26488,6.1240406
26489,6.024573
26490,12.340597
26491,6.4939356
26492,8.946571
26493,6.262524
26494,13.879198
26495,6.7440033
26496,6.066897
26497,8.162425
26498,14.155388
26499,7.301122
26500,6.3397517
26501,6.403192
26502,13.100511
26503,7.400241
26504,6.1113486
26505,5.793257
26506,5.8410177
26507,5.861935
26508,5.4990673
26509,5.594795
26510,9.453123
26511,5.890639
26512,5.542253
26513,5.298842
26514,6.991002
26515,5.550912
26516,5.2530756
26517,8.6683655
26518,12.968085
26519,6.2972927
26520,13.551718
26521,6.5655637
26522,8.744436
26523,6.698084
26524,7.567974
26525,6.421467
26526,10.58737
26527,8.961799
26528,14.112412
26529,9.094711
26530,6.4942017
26531,6.217131
26532,5.7334156
26533,5.7794466
26534,5.4709663
26535,13.861391
26536,14.170913
26537,14.236072
26538,6.6638455
26539,14.08908
26540,14.022763
26541,8.529038
26542,13.976103
26543,14.228213
26544,8.228213
26545,14.172864
26546,6.7371264
26547,11.960277
26548,7.1386967
26549,7.187888
26550,11.62873
26551,9.59224
26552,13.921663
26553,14.1896
26554,7.756303
26555,14.271223
26556,7.268898
26557,6.5652285
26558,6.861171
26559,9.335353
26560,10.792159
26561,11.149387
26562,6.2875023
26563,14.160078
26564,6.8234067
26565,9.207125
26566,14.12228
26567,11.723206
26568,13.500983
26569,7.543139
26570,6.4735584
26571,12.965355
26572,13.301356
26573,7.421047
26574,6.570965
26575,6.5674596
26576,6.464103
26577,13.465541
26578,14.17413
26579,8.967336
26580,6.5533137
26581,6.3233256
26582,6.0165286
26583,6.17708
26584,10.195733
26585,6.3105392
26586,6.403622
26587,5.816885
26588,6.4160557
26589,6.1549535
26590,6.3044386
26591,6.0446043
26592,9.582117
26593,13.710315
26594,6.594398
26595,5.8806577
26596,13.417765
26597,6.5285225
26598,6.302548
26599,6.029503
26600,6.014221
26601,5.931288
26602,6.111279
26603,9.711411
26604,6.4530177
26605,9.464087
26606,7.205461
26607,6.074504
26608,10.777074
26609,13.83162
26610,14.215637
26611,13.377941
26612,13.943525
26613,13.481507
26614,14.27296
26615,7.223015
26616,14.121502
26617,7.1193695
26618,14.051039
26619,14.087805
26620,6.8052177
26621,14.065781
26622,7.2263255
26623,8.447923
26624,6.5915384
26625,6.1837425
26626,6.497054
26627,6.4696546
26628,6.2273207
26629,13.438838
26630,6.387391
26631,6.108773
26632,5.8170285
26633,5.517591
26634,7.907718
26635,5.9771514
26636,6.2702985
26637,14.081264
26638,6.4139776
26639,5.97228
26640,8.736203
26641,6.2563367
26642,7.8726306
26643,14.138142
26644,8.072289
26645,7.2202196
26646,6.2118773
26647,6.34493
26648,9.769738
26649,7.655029
26650,5.9639235
26651,7.5606847
26652,13.846238
26653,7.316613
26654,11.084866
26655,7.0095525
26656,6.4285135
26657,6.4655333
26658,5.8560386
26659,5.8231406
26660,5.580564
26661,5.6132913
26662,5.363677
26663,12.520003
26664,6.036874
26665,5.706074
26666,8.899411
26667,6.629279
26668,5.8544927
26669,5.536947
26670,5.4564548
26671,5.268199
26672,5.1619
26673,5.076351
26674,5.739693
26675,5.2278447
26676,5.2502418
26677,5.7532825
26678,13.22416
26679,6.1838665
26680,6.3140187
26681,13.835517
26682,14.164126
26683,14.231601
26684,14.234059
26685,14.31477
26686,14.320532
26687,14.342578
26688,8.035048
26689,14.28526
26690,14.305421
26691,14.11215
26692,10.424578
26693,14.25547
26694,7.9782276
26695,14.127937
26696,14.302649
26697,14.2762
26698,14.311814
26699,14.333687
26700,14.344648
26701,13.195018
26702,8.252687
26703,13.842751
26704,14.267599
26705,14.220095
26706,7.4740605
26707,14.265105
26708,14.292136
26709,14.207074
26710,7.7761245
26711,7.922965
26712,14.250519
26713,14.237182
26714,11.077728
26715,7.886341
26716,14.105789
26717,14.137138
26718,14.274402
26719,14.341201
26720,13.772302
26721,12.147094
26722,7.9614043
26723,13.225645
26724,14.312995
26725,14.203679
26726,13.701458
26727,8.2399845
26728,7.0791874
26729,12.899922
26730,13.987968
26731,14.001241
26732,7.7059817
26733,8.395852
26734,7.6041374
26735,6.7633867
26736,6.8564405
26737,6.839957
26738,6.9483867
26739,6.3506427
26740,8.022851
26741,12.468311
26742,8.527462
26743,7.601955
26744,10.595601
26745,11.574197
26746,14.251103
26747,14.177592
26748,14.20831
26749,12.111512
26750,13.970721
26751,8.538339
26752,13.942597
26753,14.188549
26754,7.701678
26755,13.887988
26756,14.294581
26757,9.562794
26758,6.8121142
26759,9.846006
26760,7.250597
26761,11.7936535
26762,14.235129
26763,14.2832365
26764,11.603467
26765,14.232496
26766,7.473322
26767,9.901836
26768,7.8792987
26769,6.5777917
26770,7.144545
26771,12.358598
26772,7.282169
26773,8.603032
26774,13.600757
26775,6.5893755
26776,6.412668
26777,8.769914
26778,9.029057
26779,6.8135033
26780,9.586318
26781,13.957738
26782,13.3943205
26783,7.5528865
26784,8.173484
26785,6.9695325
26786,9.313054
26787,6.4779577
26788,6.1249666
26789,7.931693
26790,14.17166
26791,6.664263
26792,9.157179
26793,6.5502806
26794,9.036302
26795,6.9231396
26796,6.4487925
26797,13.491164
26798,14.0223055
26799,7.228134
26800,6.620197
26801,6.9451547
26802,6.3651056
26803,7.1399465
26804,12.629919
26805,14.175433
26806,14.201191
26807,6.7839537
26808,11.004359
26809,9.565314
26810,13.534673
26811,13.967939
26812,14.250128
26813,13.523389
26814,14.278301
26815,14.001155
26816,14.130372
26817,14.212292
26818,9.871274
26819,13.989719
26820,14.27398
26821,10.356714
26822,13.925143
26823,14.203671
26824,14.195919
26825,14.1890545
26826,12.96667
26827,14.251916
26828,10.459396
26829,13.403987
26830,7.8983717
26831,14.114342
26832,13.476168
26833,10.225627
26834,7.489037
26835,7.139707
26836,6.608505
26837,6.5285115
26838,12.147053
26839,10.103807
26840,6.6295295
26841,14.194063
26842,7.394205
26843,13.912786
26844,7.1709146
26845,14.040989
26846,8.68063
26847,14.289805
26848,14.315227
26849,10.135896
26850,8.306692
26851,14.094776
26852,12.552622
26853,7.706821
26854,12.309313
26855,6.9778423
26856,6.999237
26857,7.3031535
26858,9.280492
26859,14.057914
26860,11.984035
26861,7.0045595
26862,14.208253
26863,14.330148
26864,8.9367695
26865,7.883715
26866,6.916279
26867,14.045101
26868,7.194221
26869,6.6617484
26870,6.4067206
26871,6.380666
26872,6.263011
26873,6.8118167
26874,6.4940777
26875,6.459623
26876,13.831378
26877,6.5735536
26878,13.561397
26879,13.493376
26880,7.332465
26881,11.342041
26882,14.314896
26883,12.241547
26884,14.180319
26885,13.31787
26886,7.2103233
26887,6.668723
26888,6.2781615
26889,6.118098
26890,5.958881
26891,11.925458
26892,14.012086
26893,13.834458
26894,13.806945
26895,13.397603
26896,13.621401
26897,14.274995
26898,14.339901
26899,8.2069
26900,8.731668
26901,14.1663475
26902,14.326723
26903,14.320847
26904,14.334692
26905,14.29572
26906,14.042729
26907,7.891434
26908,6.7489724
26909,9.119022
26910,13.1926565
26911,8.252825
26912,7.380309
26913,9.960821
26914,13.295126
26915,13.670216
26916,11.12283
26917,8.273637
26918,7.788272
26919,14.242222
26920,14.305056
26921,7.7235346
26922,7.888082
26923,6.641811
26924,6.233587
26925,6.191402
26926,6.0883408
26927,5.9547086
26928,5.948625
26929,5.907002
26930,5.841522
26931,13.495918
26932,14.213459
26933,13.511885
26934,7.2920427
26935,7.4685063
26936,6.7792234
26937,6.0661497
26938,6.0168457
26939,14.066719
26940,14.224935
26941,6.8999577
26942,13.816188
26943,6.792302
26944,13.602432
26945,9.561076
26946,13.636602
26947,14.108725
26948,14.329358
26949,8.420658
26950,7.2340603
26951,6.849017
26952,6.7483883
26953,6.536489
26954,5.992581
26955,5.977401
26956,6.726532
26957,8.563376
26958,6.5116057
26959,5.876602
26960,10.936999
26961,6.607172
26962,5.9974613
26963,6.1016936
26964,6.2750106
26965,12.657228
26966,11.3353195
26967,7.9063253
26968,14.211162
26969,10.201417
26970,7.080667
26971,6.356297
26972,6.972739
26973,13.399238
26974,6.5004063
26975,6.0368805
26976,13.920794
26977,13.292464
26978,6.6458297
26979,8.706771
26980,6.6646323
26981,6.311638
26982,6.2563033
26983,5.897834
26984,7.386415
26985,5.856868
26986,5.7650814
26987,6.0534344
26988,6.1648827
26989,13.612416
26990,6.3503695
26991,6.5792747
26992,5.9829574
26993,5.7321367
26994,6.570696
26995,6.112737
26996,5.657771
26997,5.5910707
26998,5.5008707
26999,5.417571
27000,5.2914805
27001,5.082661
27002,5.172303
27003,5.093731
27004,4.9723296
27005,4.8973975
27006,11.157586
27007,5.9307494
27008,6.6355753
27009,5.700882
27010,8.506019
27011,6.7831903
27012,5.7043133
27013,11.88321
27014,6.0390043
27015,5.8067
27016,5.320614
27017,5.2040815
27018,5.082051
27019,5.602362
27020,5.341591
27021,5.044716
27022,10.154429
27023,5.7928066
27024,12.135531
27025,5.993662
27026,5.495666
27027,5.2902966
27028,4.9896374
27029,4.8731804
27030,4.7286997
27031,4.6800146
27032,4.6672225
27033,4.4806814
27034,7.1245146
27035,13.4393
27036,7.9408283
27037,14.156359
27038,6.1530647
27039,11.474867
27040,7.623629
27041,5.828074
27042,5.5323324
27043,7.032294
27044,5.7434707
27045,5.3329554
27046,8.703928
27047,6.599881
27048,14.155649
27049,14.228583
27050,14.290861
27051,14.293272
27052,9.257475
27053,13.72855
27054,14.2284155
27055,14.326166
27056,7.7242823
27057,6.8697467
27058,6.1472397
27059,14.094053
27060,14.111457
27061,14.194765
27062,7.395034
27063,14.169069
27064,14.101998
27065,8.394302
27066,7.6536164
27067,6.5748534
27068,6.302827
27069,10.88739
27070,6.942809
27071,7.638005
27072,13.694502
27073,13.867613
27074,14.110188
27075,7.770652
27076,10.343472
27077,7.6118994
27078,10.745308
27079,14.096839
27080,14.292749
27081,14.312664
27082,7.9260426
27083,6.7183766
27084,6.7461658
27085,14.09864
27086,9.201589
27087,7.278224
27088,14.051926
27089,14.283654
27090,11.370769
27091,7.2455907
27092,14.257428
27093,14.315243
27094,14.321634
27095,14.311415
27096,14.267558
27097,9.530244
27098,14.121054
27099,7.068321
27100,6.8559175
27101,6.6372175
27102,8.834138
27103,6.805029
27104,6.8061028
27105,7.659894
27106,14.151308
27107,8.906465
27108,6.635237
27109,6.5073957
27110,6.374383
27111,6.3420134
27112,5.992391
27113,10.085337
27114,14.244281
27115,7.3368015
27116,6.233776
27117,6.02253
27118,6.668262
27119,6.667151
27120,5.852228
27121,5.7257643
27122,5.7712784
27123,6.541675
27124,5.9601016
27125,5.59612
27126,5.859773
27127,7.713642
27128,6.155568
27129,6.1030545
27130,7.522924
27131,11.918411
27132,6.6727214
27133,6.3629932
27134,8.950513
27135,14.10771
27136,7.1464233
27137,7.8704643
27138,8.200168
27139,7.402938
27140,6.02131
27141,5.662647
27142,9.127487
27143,6.3561954
27144,7.267941
27145,13.968655
27146,14.22882
27147,14.277477
27148,14.146476
27149,7.9992037
27150,14.185076
27151,9.278333
27152,6.521172
27153,14.103452
27154,6.616369
27155,13.357351
27156,6.6542106
27157,13.324367
27158,10.595909
27159,12.62694
27160,6.8525085
27161,14.249871
27162,13.940441
27163,13.382725
27164,13.796187
27165,6.6601443
27166,6.790365
27167,7.566702
27168,8.634234
27169,6.3902283
27170,12.5688505
27171,7.096548
27172,14.131241
27173,6.953196
27174,13.880745
27175,11.1501465
27176,12.64171
27177,14.2025795
27178,8.312321
27179,7.099593
27180,7.4282446
27181,9.3899975
27182,9.172773
27183,7.320261
27184,14.101857
27185,14.246738
27186,14.207721
27187,7.745404
27188,14.211754
27189,13.856505
27190,7.2705336
27191,7.0678644
27192,6.6689024
27193,6.8510103
27194,6.568582
27195,9.031516
27196,6.5479865
27197,9.363327
27198,7.4788766
27199,11.493071
27200,7.357323
27201,14.097745
27202,7.6926413
27203,6.526424
27204,6.2036476
27205,6.221173
27206,6.064335
27207,6.7528605
27208,13.938651
27209,11.689648
27210,14.228563
27211,7.2469053
27212,8.081546
27213,6.990711
27214,13.99652
27215,14.096952
27216,8.149812
27217,6.6303325
27218,6.4845815
27219,8.862939
27220,6.959701
27221,8.464443
27222,8.484891
27223,7.765696
27224,6.246481
27225,6.0876217
27226,5.8071394
27227,5.7465405
27228,5.647211
27229,5.3188934
27230,7.089291
27231,8.654264
27232,6.400847
27233,5.9088683
27234,5.604455
27235,5.784906
27236,5.2911625
27237,5.3400517
27238,5.030284
27239,5.0516653
27240,5.028964
27241,8.936351
27242,5.8155937
27243,5.364661
27244,5.171212
27245,5.1022797
27246,5.1366615
27247,5.1809044
27248,5.130383
27249,6.995984
27250,5.5285296
27251,5.0140467
27252,13.264582
27253,5.718811
27254,5.3814025
27255,5.0696235
27256,6.883912
27257,5.6034827
27258,5.8650656
27259,5.9267373
27260,5.488968
27261,6.300717
27262,5.9431605
27263,10.796986
27264,13.854915
27265,8.900189
27266,9.614403
27267,14.072874
27268,6.9724164
27269,5.9494095
27270,5.5401707
27271,5.3312507
27272,9.557739
27273,8.419949
27274,13.796015
27275,14.263382
27276,14.261353
27277,14.203463
27278,8.297489
27279,14.239681
27280,14.308794
27281,14.257189
27282,14.266733
27283,9.471775
27284,6.362793
27285,6.6023345
27286,13.992482
27287,14.261132
27288,10.021007
27289,14.167281
27290,14.293295
27291,8.510161
27292,6.761341
27293,13.502408
27294,14.137142
27295,14.255745
27296,9.64004
27297,13.634315
27298,8.836418
27299,13.181461
27300,7.905854
27301,6.6359944
27302,6.735242
27303,6.1459303
27304,7.0275173
27305,14.175378
27306,14.258219
27307,7.420663
27308,6.554673
27309,11.36349
27310,8.010907
27311,13.451087
27312,6.995967
27313,6.9621086
27314,8.9389515
27315,6.6483684
27316,6.3164153
27317,6.2326
27318,5.9897943
27319,6.921234
27320,7.378456
27321,5.8958454
27322,6.377188
27323,6.2629294
27324,5.967744
27325,5.69728
27326,5.526902
27327,5.6474404
27328,5.4233646
27329,5.2923174
27330,5.4138575
27331,5.0607214
27332,5.1952353
27333,5.11403
27334,4.902771
27335,5.121904
27336,4.7388363
27337,6.166292
27338,5.4196215
27339,5.073324
27340,4.9194407
27341,6.3483477
27342,5.824062
27343,5.124146
27344,4.9677873
27345,4.8735533
27346,4.749646
27347,4.7229753
27348,4.5079556
27349,6.466653
27350,14.079915
27351,5.584509
27352,5.2925506
27353,5.1169167
27354,4.7981443
27355,4.6919975
27356,4.513658
27357,5.4577203
27358,5.0612445
27359,5.837526
27360,6.1703887
27361,7.3609915
27362,5.5703545
27363,5.367701
27364,8.173946
27365,9.234849
27366,10.2168
27367,8.442162
27368,6.665162
27369,8.895779
27370,7.212612
27371,7.224918
27372,7.425021
27373,8.736004
27374,6.341566
27375,10.260073
27376,11.895923
27377,5.974553
27378,5.636694
27379,5.3994575
27380,5.368044
27381,5.106512
27382,5.180904
27383,6.621329
27384,10.010869
27385,7.083395
27386,11.897376
27387,6.1675887
27388,12.424347
27389,6.7542934
27390,6.0407143
27391,5.554987
27392,5.439174
27393,5.2146573
27394,5.256905
27395,5.0768433
27396,5.0888553
27397,5.261615
27398,4.959988
27399,7.2347727
27400,14.011896
27401,6.3792257
27402,11.519242
27403,14.072979
27404,7.0174007
27405,12.918835
27406,14.105243
27407,7.2152677
27408,13.9061985
27409,6.607852
27410,12.578278
27411,6.344652
27412,5.8466234
27413,7.921994
27414,6.614757
27415,10.027119
27416,6.5559225
27417,5.8996153
27418,9.250489
27419,14.235098
27420,10.898105
27421,6.858008
27422,6.233278
27423,9.826072
27424,9.13227
27425,11.239177
27426,7.3487315
27427,6.0907593
27428,7.588912
27429,6.6137786
27430,5.987729
27431,5.738887
27432,5.750082
27433,13.630657
27434,6.405785
27435,5.8853173
27436,6.001677
27437,5.472541
27438,7.32111
27439,6.666452
27440,5.5861034
27441,14.143294
27442,14.234606
27443,14.314901
27444,13.524366
27445,8.14247
27446,7.450544
27447,14.002756
27448,6.5861883
27449,6.682563
27450,13.781969
27451,6.504655
27452,8.305156
27453,6.426684
27454,6.287081
27455,6.7940717
27456,13.3969555
27457,7.873494
27458,6.930571
27459,13.939802
27460,14.125077
27461,7.099326
27462,6.364675
27463,6.3871565
27464,10.180848
27465,6.249018
27466,6.4653
27467,5.9156213
27468,7.0612435
27469,6.0258336
27470,5.588625
27471,5.7935047
27472,5.4619703
27473,5.8055973
27474,7.4320035
27475,8.73622
27476,11.812372
27477,9.398638
27478,6.1688294
27479,13.89778
27480,8.15399
27481,10.339235
27482,6.3365183
27483,14.058401
27484,14.108752
27485,7.220494
27486,6.2431517
27487,6.522334
27488,8.647498
27489,6.488982
27490,5.9601855
27491,6.9122224
27492,13.496323
27493,6.6990123
27494,14.163708
27495,14.206442
27496,7.1424365
27497,13.9750805
27498,14.0813265
27499,14.190853
27500,14.266835
27501,14.148819
27502,14.044367
27503,14.338198
27504,14.267218
27505,14.235455
27506,14.123427
27507,14.224009
27508,14.28339
27509,12.795716
27510,13.759197
27511,14.1980505
27512,14.24131
27513,14.291754
27514,14.281683
27515,8.60297
27516,14.292363
27517,14.335262
27518,14.153648
27519,14.199238
27520,14.24609
27521,10.930263
27522,14.20696
27523,14.233112
27524,14.333551
27525,13.987855
27526,13.179282
27527,14.273375
27528,11.986432
27529,7.3700542
27530,14.2143755
27531,14.096866
27532,14.338474
27533,9.6865015
27534,14.261031
27535,9.779085
27536,14.190106
27537,7.5921006
27538,8.141015
27539,14.239418
27540,7.8487625
27541,14.169404
27542,13.997428
27543,8.51622
27544,9.826312
27545,7.323784
27546,7.369862
27547,13.774217
27548,14.100108
27549,13.472809
27550,10.733474
27551,14.278794
27552,8.628744
27553,7.1293993
27554,7.995497
27555,10.747237
27556,9.47039
27557,12.700496
27558,12.595611
27559,8.775725
27560,13.86452
27561,14.12304
27562,11.614821
27563,13.913626
27564,12.51086
27565,12.809269
27566,13.682899
27567,8.773891
27568,14.18643
27569,14.117015
27570,8.533822
27571,14.2483225
27572,8.734306
27573,14.16733
27574,11.339256
27575,7.585619
27576,6.5862594
27577,13.653647
27578,6.911074
27579,6.6155777
27580,14.153179
27581,7.392318
27582,6.7120953
27583,7.440644
27584,9.038979
27585,11.008063
27586,6.757638
27587,7.564681
27588,10.674826
27589,14.068746
27590,9.9236145
27591,14.264315
27592,14.329041
27593,12.436103
27594,9.086495
27595,13.5276165
27596,11.511904
27597,9.604414
27598,12.221594
27599,14.251401
27600,13.20909
27601,14.252428
27602,8.138931
27603,12.766784
27604,8.286318
27605,13.598141
27606,7.6737666
27607,14.287966
27608,14.312737
27609,14.129057
27610,14.295337
27611,14.126231
27612,14.319717
27613,8.325843
27614,7.3322453
27615,7.0844693
27616,9.01914
27617,14.199015
27618,14.255467
27619,14.298895
27620,14.2777
27621,9.575549
27622,7.1571355
27623,8.454256
27624,7.445363
27625,9.824109
27626,7.0101295
27627,6.7992663
27628,11.677144
27629,7.0952682
27630,14.090999
27631,14.051454
27632,14.305596
27633,14.099724
27634,14.241469
27635,14.287272
27636,10.705319
27637,7.040241
27638,13.083379
27639,7.0222545
27640,6.682297
27641,10.80827
27642,14.112491
27643,7.5858164
27644,13.992532
27645,14.094582
27646,14.298647
27647,14.21522
27648,14.169381
27649,14.310123
27650,14.085028
27651,14.317555
27652,14.329376
27653,9.935957
27654,7.9785237
27655,8.872719
27656,8.099431
27657,7.8043876
27658,14.214712
27659,7.3317423
27660,6.7808814
27661,6.8954973
27662,10.946766
27663,7.8895936
27664,6.93278
27665,6.5986958
27666,6.5152946
27667,6.4684305
27668,6.947943
27669,6.3387637
27670,6.184709
27671,6.0030646
27672,5.8520613
27673,5.6430864
27674,5.5479174
27675,5.5950418
27676,5.455973
27677,6.3913097
27678,5.902809
27679,5.5980277
27680,6.7961407
27681,10.556882
27682,6.5684223
27683,6.058825
27684,5.703873
27685,5.7720084
27686,5.594383
27687,5.2560105
27688,10.993386
27689,6.7302322
27690,5.5652165
27691,5.488594
27692,5.237122
27693,5.325582
27694,6.7144976
27695,5.925406
27696,10.439807
27697,5.8703976
27698,6.3553305
27699,14.167966
27700,6.3542085
27701,5.9862976
27702,5.6636972
27703,5.25779
27704,6.280448
27705,5.9742837
27706,9.622913
27707,6.7138023
27708,5.573794
27709,5.860572
27710,6.4520507
27711,11.525131
27712,11.706164
27713,9.902807
27714,6.3751817
27715,9.298222
27716,5.7275844
27717,5.5366426
27718,14.067203
27719,6.980162
27720,6.7809505
27721,13.948812
27722,6.97281
27723,5.7144394
27724,8.3958435
27725,5.8415365
27726,5.4448943
27727,6.0969114
27728,12.066174
27729,8.790607
27730,5.962722
27731,10.611245
27732,6.8107114
27733,10.229353
27734,6.1578813
27735,5.7423897
27736,6.591318
27737,7.495618
27738,5.6387687
27739,5.547931
27740,5.375474
27741,5.5023327
27742,5.2996044
27743,5.9761915
27744,5.744952
27745,5.348886
27746,5.2732553
27747,5.5679927
27748,5.3582454
27749,5.228092
27750,4.8105583
27751,4.99287
27752,4.965716
27753,4.7155004
27754,4.9426537
27755,13.351579
27756,5.546647
27757,6.277089
27758,5.9681177
27759,5.670223
27760,5.694786
27761,5.4038887
27762,5.273656
27763,6.173511
27764,7.719363
27765,5.663588
27766,5.412403
27767,5.1969876
27768,7.642616
27769,8.618248
27770,5.7722535
27771,5.5211434
27772,5.0486393
27773,8.512493
27774,5.7688866
27775,9.682491
27776,5.989482
27777,5.3648376
27778,12.263123
27779,14.035612
27780,6.460897
27781,5.839583
27782,6.434297
27783,5.5773807
27784,5.5326757
27785,5.094107
27786,13.240762
27787,5.861309
27788,5.628443
27789,5.237943
27790,4.9331055
27791,6.749015
27792,5.421758
27793,9.019748
27794,6.417209
27795,5.525383
27796,6.4062753
27797,13.837836
27798,13.754039
27799,7.6129236
27800,14.002254
27801,6.6322885
27802,8.885368
27803,13.90414
27804,7.140049
27805,5.774871
27806,5.8753257
27807,5.44827
27808,13.53388
27809,6.1902814
27810,5.609531
27811,5.6478
27812,5.672005
27813,8.340168
27814,5.667263
27815,5.97381
27816,6.0179367
27817,5.48409
27818,5.573146
27819,6.9000645
27820,5.4572825
27821,6.0027885
27822,5.5612574
27823,5.2159367
27824,5.4493403
27825,7.7241435
27826,6.15099
27827,5.439034
27828,5.322339
27829,5.8877573
27830,13.585726
27831,9.040517
27832,6.091627
27833,8.744344
27834,11.580274
27835,5.913908
27836,5.7857533
27837,13.817631
27838,13.224617
27839,6.9997673
27840,7.0118895
27841,6.180393
27842,5.8060684
27843,7.5656605
27844,6.0347967
27845,5.4875126
27846,5.679631
27847,5.1794915
27848,5.046816
27849,9.106205
27850,5.8913245
27851,13.49287
27852,6.4640656
27853,5.61758
27854,5.5012393
27855,5.2827196
27856,11.507325
27857,5.996701
27858,5.5438128
27859,5.2607274
27860,12.187666
27861,6.0316443
27862,13.292157
27863,7.6360993
27864,13.705857
27865,5.9815083
27866,5.856265
27867,5.835603
27868,5.660331
27869,10.184258
27870,13.8956175
27871,14.172433
27872,7.0786896
27873,6.135893
27874,5.727849
27875,5.6448784
27876,5.5702095
27877,5.2615614
27878,5.1243043
27879,5.703616
27880,5.4676356
27881,5.2451534
27882,5.165428
27883,7.1037846
27884,6.050627
27885,5.46229
27886,12.91192
27887,14.169432
27888,13.759256
27889,6.5706296
27890,6.330516
27891,5.6594405
27892,5.398596
27893,5.3846135
27894,5.2548304
27895,5.5986233
27896,8.39932
27897,5.789948
27898,5.557319
27899,5.197396
27900,10.3787565
27901,5.8429666
27902,5.44432
27903,5.2285085
27904,5.205513
27905,4.798627
27906,4.817542
27907,13.560889
27908,5.868839
27909,5.5162253
27910,4.9548025
27911,6.5770016
27912,5.656669
27913,13.761463
27914,5.7521243
27915,9.212567
27916,6.357789
27917,5.588427
27918,5.3062773
27919,5.2874584
27920,5.365541
27921,5.169136
27922,4.924505
27923,4.8464913
27924,4.795791
27925,7.1813536
27926,13.837085
27927,6.1916842
27928,5.264871
27929,13.461612
27930,6.4460144
27931,7.0417376
27932,5.3548913
27933,5.8081427
27934,5.668742
27935,5.0995464
27936,5.0439634
27937,4.9479074
27938,4.9582953
27939,8.012133
27940,5.731997
27941,7.133055
27942,13.886023
27943,13.640675
27944,8.452051
27945,5.7516937
27946,5.6498246
27947,12.530497
27948,13.669105
27949,10.573903
27950,14.052322
27951,14.114553
27952,7.486976
27953,6.3756037
27954,6.1152277
27955,8.764575
27956,13.984508
27957,13.76012
27958,14.136454
27959,14.304394
27960,14.310905
27961,13.817438
27962,14.167082
27963,8.2930155
27964,8.38669
27965,8.985654
27966,7.90604
27967,6.536706
27968,14.239051
27969,14.139428
27970,8.492681
27971,6.357951
27972,6.579067
27973,8.611591
27974,14.099611
27975,6.7597013
27976,14.13009
27977,6.986571
27978,6.2455964
27979,5.999012
27980,6.135904
27981,6.0875435
27982,5.927969
27983,5.6290336
27984,10.766638
27985,14.019046
27986,13.851948
27987,6.465155
27988,10.640982
27989,7.1411495
27990,6.330272
27991,5.8339643
27992,5.883042
27993,5.8469634
27994,5.81561
27995,5.595856
27996,5.4916654
27997,10.94736
27998,7.2012386
27999,6.2793684
28000,7.970796
28001,10.119058
28002,6.693565
28003,5.8388653
28004,12.357116
28005,6.9459486
28006,6.4426765
28007,13.522491
28008,12.965052
28009,6.9788547
28010,6.9238815
28011,6.154598
28012,6.03129
28013,5.7259746
28014,5.55186
28015,5.471675
28016,5.5014653
28017,5.328244
28018,9.832021
28019,5.906741
28020,5.4919996
28021,5.3007164
28022,5.09225
28023,5.0703135
28024,4.860287
28025,4.7515354
28026,4.6614504
28027,4.598783
28028,6.817153
28029,5.3851485
28030,4.812892
28031,4.877653
28032,4.674544
28033,5.849331
28034,5.48712
28035,8.836253
28036,5.7696524
28037,13.250553
28038,6.069358
28039,10.336075
28040,14.113964
28041,9.327993
28042,14.122585
28043,14.158472
28044,14.285986
28045,8.840997
28046,6.180041
28047,8.821755
28048,7.2528744
28049,13.935012
28050,6.2119417
28051,13.998201
28052,7.2159715
28053,5.898157
28054,12.436319
28055,6.748889
28056,5.957728
28057,9.827509
28058,13.086761
28059,14.2225485
28060,7.085377
28061,6.2673373
28062,6.042925
28063,5.713831
28064,8.985617
28065,13.8466
28066,14.254915
28067,7.5983367
28068,6.4269185
28069,9.651936
28070,6.7421746
28071,13.922501
28072,14.207593
28073,9.868599
28074,10.536744
28075,13.826616
28076,13.669188
28077,14.290405
28078,14.303765
28079,13.981942
28080,9.612459
28081,13.931889
28082,14.259577
28083,9.938662
28084,14.287776
28085,8.592652
28086,6.726576
28087,6.6361647
28088,7.8487005
28089,6.4163527
28090,13.92613
28091,6.805468
28092,6.552797
28093,14.143511
28094,6.7765408
28095,6.593927
28096,6.2050643
28097,6.3335333
28098,12.7430525
28099,6.5133467
28100,8.051551
28101,13.772047
28102,7.254056
28103,6.473203
28104,11.2176695
28105,10.438116
28106,14.020133
28107,6.9782557
28108,6.639456
28109,8.208748
28110,6.3932896
28111,6.023857
28112,6.089233
28113,7.774354
28114,6.532513
28115,6.2281036
28116,9.262167
28117,14.192752
28118,7.0776887
28119,13.063852
28120,6.565016
28121,13.273264
28122,14.234707
28123,13.374324
28124,13.9265175
28125,13.952981
28126,7.137549
28127,6.3141017
28128,6.3615937
28129,12.983381
28130,6.9536376
28131,10.038263
28132,6.888527
28133,6.039606
28134,8.118949
28135,6.452588
28136,6.049683
28137,6.352765
28138,7.4887123
28139,6.2503214
28140,5.850769
28141,5.566922
28142,5.6553326
28143,5.3259754
28144,5.368021
28145,5.189475
28146,5.007548
28147,5.14211
28148,4.940565
28149,4.937253
28150,10.955207
28151,5.6611056
28152,5.2538247
28153,5.2392874
28154,5.0041704
28155,5.0826235
28156,4.8309703
28157,5.235292
28158,5.437708
28159,5.1641197
28160,4.8721933
28161,6.2132926
28162,5.4771867
28163,5.0360494
28164,6.475665
28165,5.5841966
28166,7.4774823
28167,10.416186
28168,5.928177
28169,5.468876
28170,5.2024045
28171,5.088675
28172,5.0427456
28173,4.8011713
28174,4.7600765
28175,4.6363115
28176,4.7012844
28177,4.6348524
28178,4.437306
28179,4.372156
28180,4.5084496
28181,4.1906705
28182,4.2958794
28183,4.1060963
28184,4.051574
28185,5.7611704
28186,5.357641
28187,6.343321
28188,5.134785
28189,4.7075706
28190,4.5057893
28191,4.429484
28192,4.349642
28193,4.1444125
28194,9.844748
28195,5.0167994
28196,4.5541773
28197,4.566421
28198,4.4079256
28199,4.3076468
28200,4.909861
28201,4.570817
28202,4.29374
28203,4.2636085
28204,4.1373935
28205,6.002084
28206,4.62836
28207,4.328443
28208,9.699974
28209,5.0707326
28210,4.7303
28211,4.482851
28212,4.2777944
28213,4.398191
28214,7.1241674
28215,5.534683
28216,12.80508
28217,8.6354885
28218,5.641073
28219,6.762582
28220,5.5022573
28221,12.21255
28222,9.743344
28223,13.963793
28224,7.628994
28225,5.890577
28226,12.481366
28227,14.077252
28228,6.55531
28229,5.5307527
28230,6.314488
28231,5.4828887
28232,14.028746
28233,12.691625
28234,6.5510616
28235,5.7785416
28236,8.578982
28237,9.352682
28238,14.241315
28239,7.152693
28240,6.105951
28241,13.567522
28242,6.919965
28243,6.042451
28244,5.593731
28245,13.061306
28246,6.2024775
28247,5.925098
28248,5.453879
28249,12.129421
28250,12.990497
28251,13.968364
28252,14.234001
28253,8.194281
28254,6.6159983
28255,5.92937
28256,5.83763
28257,5.803217
28258,5.5519853
28259,5.3481264
28260,13.402243
28261,6.402029
28262,5.6015034
28263,5.6478667
28264,5.384487
28265,5.50469
28266,6.6784005
28267,13.552425
28268,6.2078633
28269,5.770069
28270,5.582506
28271,5.5212483
28272,5.3155293
28273,8.699126
28274,6.3286304
28275,13.942871
28276,7.3261228
28277,5.715086
28278,5.502503
28279,5.4829082
28280,5.618198
28281,5.347663
28282,11.628517
28283,8.13335
28284,6.2794595
28285,5.749226
28286,6.012315
28287,6.223155
28288,7.318561
28289,5.7996645
28290,5.462818
28291,7.759792
28292,5.5786185
28293,13.832575
28294,14.090925
28295,13.911927
28296,12.071119
28297,8.079577
28298,6.277462
28299,5.9020915
28300,7.028105
28301,6.006084
28302,7.06043
28303,7.112148
28304,13.934571
28305,6.8830495
28306,14.234853
28307,7.3297195
28308,6.417413
28309,14.185963
28310,13.615282
28311,6.9532366
28312,13.893606
28313,6.790474
28314,5.9517593
28315,5.8575497
28316,5.558677
28317,14.0534315
28318,10.146167
28319,13.23998
28320,9.402477
28321,13.842454
28322,10.200652
28323,6.407187
28324,6.2662053
28325,13.690835
28326,13.948577
28327,6.6868
28328,6.278277
28329,5.841753
28330,13.815869
28331,8.523563
28332,6.322546
28333,6.3255367
28334,5.883883
28335,5.751364
28336,8.090849
28337,13.974982
28338,11.989999
28339,7.189824
28340,13.068094
28341,13.388766
28342,11.73922
28343,14.304316
28344,8.5589695
28345,14.252207
28346,8.044114
28347,6.769597
28348,7.5786314
28349,6.536587
28350,6.8215885
28351,6.527087
28352,6.894133
28353,8.639571
28354,7.433372
28355,9.372839
28356,14.048527
28357,6.8815904
28358,6.4082656
28359,6.3203554
28360,6.051481
28361,6.0138025
28362,6.01557
28363,5.9784036
28364,8.181542
28365,6.301086
28366,7.0951605
28367,7.2090015
28368,8.105746
28369,6.78398
28370,6.453968
28371,12.292782
28372,11.086448
28373,7.5179634
28374,9.840133
28375,13.631668
28376,13.983102
28377,7.137345
28378,10.728644
28379,14.065135
28380,11.999556
28381,10.00175
28382,7.2236714
28383,10.723961
28384,7.0505404
28385,9.911745
28386,6.825018
28387,13.8714
28388,6.8745184
28389,9.665438
28390,13.581905
28391,7.483247
28392,13.847204
28393,11.341781
28394,13.06477
28395,11.766104
28396,13.37518
28397,6.931184
28398,14.22101
28399,14.134905
28400,12.704906
28401,13.802058
28402,7.0104012
28403,7.462826
28404,7.2851915
28405,9.205685
28406,7.4758377
28407,7.340359
28408,6.5868325
28409,13.45182
28410,9.714232
28411,14.03131
28412,8.594209
28413,7.8016787
28414,7.655555
28415,6.600638
28416,10.090587
28417,8.064301
28418,8.655116
28419,6.6825027
28420,13.602656
28421,8.78682
28422,6.849182
28423,6.750124
28424,8.524852
28425,6.989132
28426,6.727312
28427,13.842726
28428,10.14394
28429,14.153606
28430,7.839044
28431,14.015123
28432,14.323422
28433,9.886574
28434,6.8385777
28435,10.522823
28436,14.245505
28437,13.560299
28438,7.9768963
28439,14.010128
28440,11.56925
28441,13.807341
28442,13.7242985
28443,12.13599
28444,9.036845
28445,6.991903
28446,7.3360715
28447,9.854443
28448,7.7204356
28449,6.9555507
28450,9.604406
28451,14.164397
28452,9.576223
28453,9.977745
28454,9.787701
28455,7.1729946
28456,6.5055566
28457,9.211653
28458,9.162726
28459,9.380725
28460,8.67935
28461,6.8371162
28462,11.669135
28463,6.7279615
28464,7.12938
28465,12.9000435
28466,9.106019
28467,8.989426
28468,9.710885
28469,6.7994876
28470,7.1474576
28471,6.361018
28472,11.631692
28473,7.0862937
28474,6.3923345
28475,13.988356
28476,12.718365
28477,7.0217614
28478,8.804776
28479,6.578391
28480,7.450187
28481,6.4094086
28482,5.9097853
28483,6.656927
28484,13.75421
28485,13.8840275
28486,6.94298
28487,6.32157
28488,14.115792
28489,14.158174
28490,7.148128
28491,6.6336446
28492,6.308594
28493,6.981909
28494,6.215013
28495,5.954723
28496,13.848828
28497,6.589283
28498,6.008875
28499,9.044413
28500,11.318246
28501,7.498433
28502,6.1828933
28503,7.2088037
28504,7.4892535
28505,12.967276
28506,6.4615297
28507,5.7910376
28508,11.31194
28509,7.149821
28510,5.8679147
28511,7.405606
28512,6.4554663
28513,6.7225456
28514,9.64209
28515,6.363171
28516,14.04101
28517,7.426085
28518,6.171766
28519,6.153791
28520,8.063767
28521,13.970745
28522,10.146084
28523,6.444094
28524,6.003622
28525,5.864686
28526,9.614845
28527,6.5988703
28528,9.895867
28529,7.5256104
28530,10.956995
28531,6.377398
28532,7.271858
28533,7.0264735
28534,9.301189
28535,7.320296
28536,9.19185
28537,11.204046
28538,13.5507555
28539,7.026161
28540,12.919839
28541,8.052174
28542,14.246003
28543,14.302464
28544,14.312167
28545,9.421685
28546,7.101049
28547,12.330551
28548,8.389417
28549,14.29601
28550,8.253993
28551,13.909494
28552,14.124051
28553,7.6725717
28554,13.582086
28555,10.274479
28556,11.468613
28557,14.0829
28558,14.271247
28559,14.252798
28560,14.301736
28561,8.176361
28562,7.1027904
28563,11.68559
28564,14.118274
28565,8.192743
28566,6.4774213
28567,7.4662676
28568,6.66074
28569,6.6068907
28570,6.121292
28571,12.989584
28572,6.6204834
28573,6.5094748
28574,9.007172
28575,7.268376
28576,6.3638415
28577,13.508293
28578,6.49782
28579,6.5385475
28580,9.086473
28581,14.0711155
28582,7.598141
28583,9.70546
28584,6.6804423
28585,6.7445908
28586,6.661698
28587,7.945951
28588,6.3087063
28589,6.1747274
28590,6.082944
28591,9.151431
28592,6.995866
28593,6.500242
28594,6.7286415
28595,6.424123
28596,6.073174
28597,9.066629
28598,6.472257
28599,9.370867
28600,7.190599
28601,8.809396
28602,14.035716
28603,13.36667
28604,9.714089
28605,6.6087236
28606,10.516221
28607,9.954227
28608,14.038511
28609,6.6120453
28610,10.915497
28611,10.936914
28612,9.806412
28613,14.131217
28614,9.723417
28615,14.021674
28616,6.865291
28617,6.534072
28618,10.226194
28619,6.510155
28620,11.025391
28621,14.0773
28622,13.7769575
28623,7.4873786
28624,8.798604
28625,6.3471475
28626,12.724165
28627,7.5507283
28628,7.1285987
28629,9.245156
28630,14.262339
28631,7.4592023
28632,13.313191
28633,8.967893
28634,6.9334106
28635,6.955114
28636,6.2115316
28637,8.073664
28638,14.112017
28639,14.182666
28640,10.90797
28641,14.301872
28642,10.995056
28643,9.291971
28644,10.841338
28645,9.353926
28646,12.561108
28647,14.061107
28648,11.428794
28649,12.803078
28650,7.7043557
28651,10.515715
28652,14.094957
28653,10.096379
28654,13.030194
28655,13.611347
28656,13.752176
28657,14.211983
28658,11.670493
28659,10.939051
28660,9.527638
28661,9.893718
28662,8.989422
28663,13.980262
28664,11.844006
28665,14.027701
28666,14.1984
28667,14.306952
28668,14.201098
28669,10.289089
28670,10.928334
28671,14.24068
28672,13.887808
28673,14.32402
28674,8.370584
28675,14.0555525
28676,8.2404785
28677,7.2878084
28678,14.048894
28679,8.848278
28680,7.068435
28681,6.6743293
28682,6.5711346
28683,6.272303
28684,12.204732
28685,13.836155
28686,14.301911
28687,14.301056
28688,14.299618
28689,8.389509
28690,7.4412704
28691,6.876773
28692,6.5013704
28693,6.4289637
28694,6.243786
28695,6.102669
28696,10.128829
28697,14.246649
28698,7.2565384
28699,8.330014
28700,6.6174707
28701,6.3893
28702,6.7876997
28703,8.582915
28704,6.9985237
28705,13.328739
28706,14.154907
28707,12.181032
28708,14.301486
28709,7.8898306
28710,13.991154
28711,7.9735513
28712,7.461913
28713,6.441973
28714,10.125792
28715,6.6920753
28716,8.505757
28717,6.5869465
28718,10.174005
28719,13.700561
28720,6.7441297
28721,13.965633
28722,7.896222
28723,6.7290196
28724,6.245273
28725,7.181866
28726,6.4326735
28727,6.0749927
28728,7.717546
28729,6.8071294
28730,6.9553084
28731,6.2752485
28732,6.612424
28733,6.132354
28734,10.502344
28735,7.3420916
28736,9.265964
28737,6.2703032
28738,5.9317236
28739,8.323143
28740,6.3663826
28741,8.92786
28742,6.1013865
28743,6.100835
28744,6.4006176
28745,9.518476
28746,6.8328342
28747,6.267562
28748,5.6140285
28749,5.8467264
28750,5.9001856
28751,5.5648637
28752,5.687528
28753,9.100188
28754,6.4158783
28755,14.049614
28756,6.436767
28757,5.9409633
28758,11.630559
28759,10.351321
28760,6.452161
28761,5.9821157
28762,5.662113
28763,5.667706
28764,10.62986
28765,12.822215
28766,6.505402
28767,5.891738
28768,5.699314
28769,11.058232
28770,6.1640935
28771,7.6689506
28772,6.2143455
28773,5.539789
28774,10.724809
28775,13.585366
28776,13.928332
28777,14.100217
28778,12.11566
28779,14.228848
28780,8.223067
28781,6.1311793
28782,6.071049
28783,5.925339
28784,5.6906157
28785,5.533775
28786,5.7031612
28787,5.94951
28788,5.7655377
28789,6.5894265
28790,7.7380967
28791,13.570121
28792,7.309371
28793,7.4578466
28794,6.1673
28795,8.077194
28796,5.896589
28797,6.0414257
28798,5.7174172
28799,5.497644
28800,13.48689
28801,5.9596324
28802,6.1128473
28803,7.0605936
28804,6.7088904
28805,6.8233967
28806,10.384465
28807,7.9287944
28808,6.9287653
28809,6.7316895
28810,6.0285
28811,6.1969247
28812,14.153047
28813,14.236155
28814,14.278218
28815,14.116729
28816,7.80381
28817,11.045258
28818,14.257918
28819,13.556719
28820,14.286417
28821,14.0515375
28822,13.542146
28823,7.824564
28824,13.51904
28825,7.054269
28826,6.569979
28827,7.502805
28828,6.770987
28829,13.885992
28830,8.021881
28831,6.5135236
28832,6.1738887
28833,6.2294226
28834,12.598713
28835,14.130953
28836,7.642119
28837,10.194088
28838,7.0347004
28839,6.1393733
28840,13.869567
28841,6.337236
28842,6.346877
28843,5.998246
28844,5.9187756
28845,5.8604903
28846,5.7033367
28847,6.5063
28848,6.294734
28849,5.9695106
28850,6.069186
28851,5.944821
28852,5.610327
28853,5.727949
28854,7.5753355
28855,14.172309
28856,14.291879
28857,7.3984976
28858,7.454683
28859,6.2127047
28860,8.445291
28861,6.5350842
28862,5.895562
28863,5.7419257
28864,5.5633807
28865,5.638646
28866,5.3946385
28867,5.4344277
28868,5.3204045
28869,5.120652
28870,5.9453297
28871,6.2057667
28872,5.694559
28873,7.688548
28874,5.634609
28875,5.4120955
28876,5.1749344
28877,4.9925604
28878,6.97917
28879,5.3542957
28880,9.340984
28881,5.817338
28882,5.5025697
28883,5.239371
28884,5.038053
28885,4.941067
28886,7.7296734
28887,5.6002593
28888,5.1444316
28889,6.5666537
28890,7.0530796
28891,14.02308
28892,8.72559
28893,14.109596
28894,10.565402
28895,14.116058
28896,13.346189
28897,8.589068
28898,6.2224245
28899,6.554011
28900,6.1279244
28901,5.6155176
28902,5.3935423
28903,6.116715
28904,14.138678
28905,14.117793
28906,13.897125
28907,12.655795
28908,6.5550375
28909,6.208994
28910,5.9071045
28911,6.121839
28912,5.6228604
28913,5.581114
28914,5.4343057
28915,7.062221
28916,5.726843
28917,5.324429
28918,5.1675262
28919,5.708721
28920,5.44615
28921,12.045657
28922,5.846502
28923,7.334043
28924,5.9726524
28925,5.373241
28926,7.4292746
28927,5.8756027
28928,5.596773
28929,5.5177183
28930,14.097181
28931,6.35352
28932,12.683867
28933,6.449691
28934,5.7635612
28935,5.4728203
28936,5.3244514
28937,5.3509197
28938,5.2107663
28939,5.1517935
28940,5.0367923
28941,4.953071
28942,4.957884
28943,4.8999496
28944,4.7421126
28945,4.7384844
28946,6.10654
28947,5.208998
28948,13.301645
28949,5.762167
28950,13.851728
28951,6.1259947
28952,5.441474
28953,6.829447
28954,9.049637
28955,5.8671956
28956,11.920911
28957,6.0204186
28958,5.4665575
28959,5.434033
28960,5.0860558
28961,5.1157928
28962,10.798222
28963,5.9894323
28964,5.336456
28965,5.141522
28966,8.292226
28967,10.448996
28968,13.038704
28969,6.293648
28970,5.693267
28971,5.2713737
28972,9.423781
28973,13.610416
28974,6.7300973
28975,10.712699
28976,14.078238
28977,6.7060647
28978,5.8182693
28979,10.836161
28980,6.056231
28981,5.981826
28982,5.371535
28983,7.467852
28984,5.8928714
28985,5.3233886
28986,5.9000797
28987,14.043765
28988,6.2351723
28989,5.6224165
28990,5.379447
28991,13.586744
28992,14.207034
28993,6.43171
28994,5.551149
28995,8.335684
28996,13.844251
28997,13.956719
28998,14.017059
28999,7.8857117
29000,6.4830284
29001,7.449212
29002,11.717793
29003,8.887474
29004,6.2290535
29005,6.0385704
29006,7.7007093
29007,6.4584517
29008,6.751361
29009,14.202274
29010,14.212398
29011,14.31233
29012,14.304299
29013,10.719766
29014,13.4850445
29015,14.194564
29016,7.543286
29017,8.341443
29018,6.032166
29019,6.055866
29020,13.152108
29021,6.6350784
29022,13.828937
29023,14.013505
29024,14.092283
29025,7.490637
29026,6.95604
29027,6.6494694
29028,6.346917
29029,7.851889
29030,13.551889
29031,7.8385673
29032,6.5977244
29033,6.31209
29034,6.0298386
29035,6.1127343
29036,5.978287
29037,7.532417
29038,9.993919
29039,6.940437
29040,6.117332
29041,5.672352
29042,5.7205315
29043,6.8225017
29044,6.0186515
29045,12.011927
29046,6.735984
29047,13.210996
29048,14.281793
29049,7.990312
29050,13.930485
29051,7.5660086
29052,6.3533792
29053,6.5926085
29054,5.8600683
29055,5.831941
29056,5.8284893
29057,11.064156
29058,6.422343
29059,8.4441595
29060,6.109405
29061,5.9351206
29062,5.8406534
29063,5.6170897
29064,5.2503843
29065,6.0155087
29066,5.7399573
29067,5.3523545
29068,5.394472
29069,5.21645
29070,6.169971
29071,5.7979765
29072,5.2182994
29073,5.114482
29074,4.851163
29075,4.9136925
29076,4.734631
29077,4.564205
29078,4.7604666
29079,6.0891275
29080,5.27003
29081,8.938761
29082,10.957608
29083,11.593915
29084,6.0771513
29085,5.6964846
29086,5.359218
29087,10.16084
29088,5.844068
29089,5.203852
29090,5.1654882
29091,12.977581
29092,6.314248
29093,6.4977474
29094,14.159323
29095,6.60015
29096,11.721861
29097,6.0266366
29098,5.8531256
29099,5.3275166
29100,5.123658
29101,5.1146936
29102,4.851613
29103,5.083051
29104,4.850782
29105,4.7627907
29106,4.852473
29107,12.273798
29108,5.6923447
29109,4.927001
29110,4.833814
29111,4.5978074
29112,4.6915054
29113,4.5029707
29114,4.34606
29115,4.470971
29116,4.346766
29117,4.444962
29118,4.30363
29119,4.195349
29120,4.318156
29121,4.1284094
29122,6.0920444
29123,4.9301977
29124,5.5263314
29125,4.912559
29126,4.56824
29127,4.51293
29128,4.3831906
29129,4.3492565
29130,4.36822
29131,4.203092
29132,4.190478
29133,4.3232
29134,4.2211003
29135,4.1380634
29136,4.0155373
29137,8.135816
29138,13.969698
29139,5.3775134
29140,5.142378
29141,9.58996
29142,5.6073923
29143,8.46877
29144,5.50981
29145,5.1455865
29146,4.952556
29147,6.4263625
29148,7.0232706
29149,5.413529
29150,5.0190554
29151,4.8743834
29152,4.730868
29153,4.602996
29154,4.6529455
29155,4.365713
29156,4.409507
29157,5.0033674
29158,9.49539
29159,5.253559
29160,7.045781
29161,5.201672
29162,4.9488173
29163,4.75208
29164,4.5602036
29165,4.4491963
29166,4.436955
29167,4.3951025
29168,4.326172
29169,4.2139535
29170,4.265046
29171,4.354165
29172,4.084903
29173,4.177576
29174,4.0832405
29175,4.044425
29176,4.0304046
29177,4.0508094
29178,3.8814404
29179,4.0072775
29180,3.89777
29181,3.9823802
29182,9.239294
29183,11.587186
29184,5.4556494
29185,4.896009
29186,4.5447717
29187,4.443907
29188,4.400954
29189,4.2884984
29190,4.250819
29191,4.2341967
29192,6.901292
29193,5.0182495
29194,4.7472672
29195,5.7235866
29196,5.202273
29197,11.709423
29198,5.8933206
29199,13.179546
29200,9.034358
29201,5.796437
29202,13.915627
29203,13.248052
29204,12.59701
29205,6.410322
29206,5.5820026
29207,5.4212456
29208,7.6688023
29209,10.869823
29210,5.857191
29211,11.450253
29212,5.848206
29213,7.2837296
29214,7.198253
29215,5.9113374
29216,14.040625
29217,6.7438326
29218,5.7148714
29219,5.296321
29220,5.215005
29221,5.1382346
29222,6.510264
29223,5.398205
29224,5.050779
29225,5.0284243
29226,4.7981997
29227,4.780795
29228,4.7200546
29229,4.6823854
29230,4.7833548
29231,5.038538
29232,4.9875355
29233,4.8985496
29234,4.7138276
29235,4.8203526
29236,4.5635195
29237,4.557312
29238,4.480936
29239,4.485931
29240,4.4609594
29241,4.493246
29242,4.475346
29243,4.305795
29244,4.239549
29245,4.2112565
29246,4.2613287
29247,7.657438
29248,7.956872
29249,5.3808565
29250,11.963745
29251,5.6330204
29252,5.3279305
29253,12.872258
29254,13.287712
29255,6.758512
29256,5.599131
29257,5.260652
29258,5.243847
29259,4.970433
29260,5.02279
29261,4.662369
29262,4.730371
29263,4.6282163
29264,4.4866667
29265,4.380825
29266,4.330521
29267,4.296764
29268,4.101246
29269,4.2262893
29270,3.9810324
29271,5.062291
29272,7.974856
29273,5.0354996
29274,4.680797
29275,4.366095
29276,4.2572293
29277,8.763999
29278,5.144809
29279,9.974476
29280,5.7371545
29281,4.9941797
29282,4.7482004
29283,4.6628017
29284,11.224782
29285,13.95111
29286,14.191859
29287,14.282406
29288,14.305644
29289,14.296264
29290,14.324568
29291,14.331261
29292,14.339874
29293,14.339308
29294,14.3363285
29295,12.910673
29296,14.267929
29297,11.01873
29298,8.435073
29299,13.922724
29300,14.057568
29301,8.074621
29302,6.5337963
29303,6.4910994
29304,6.214201
29305,6.4312625
29306,5.762256
29307,8.925349
29308,10.026384
29309,8.297779
29310,10.429659
29311,6.6893506
29312,11.847023
29313,12.697197
29314,6.8645377
29315,6.3172073
29316,11.769639
29317,14.121607
29318,14.133904
29319,13.304084
29320,7.9080186
29321,6.7772064
29322,6.3694067
29323,6.2998295
29324,6.4689517
29325,6.300723
29326,13.971999
29327,7.245871
29328,6.5078573
29329,6.2975173
29330,14.1419935
29331,6.9620905
29332,6.5747943
29333,6.1265993
29334,5.8219137
29335,5.832068
29336,6.3366985
29337,6.263512
29338,6.19266
29339,5.889316
29340,5.76009
29341,6.3860874
29342,8.397982
29343,14.263646
29344,14.134063
29345,7.2603936
29346,6.5725446
29347,6.324887
29348,5.9260926
29349,9.81615
29350,6.716927
29351,8.690703
29352,6.251764
29353,5.9657607
29354,6.3723974
29355,12.408453
29356,13.853042
29357,13.910572
29358,6.245322
29359,11.947909
29360,14.12597
29361,12.099148
29362,6.593734
29363,12.369569
29364,6.9852257
29365,6.830792
29366,12.099606
29367,14.102595
29368,7.552108
29369,14.167042
29370,11.383424
29371,6.60536
29372,6.686278
29373,6.2223983
29374,13.083731
29375,7.1269355
29376,6.103998
29377,6.1939797
29378,5.610551
29379,5.6883745
29380,5.534934
29381,8.705865
29382,6.303378
29383,5.713492
29384,5.4020348
29385,5.507534
29386,5.256415
29387,5.208832
29388,6.6730623
29389,11.607563
29390,6.8484707
29391,9.74486
29392,12.557448
29393,6.9367466
29394,13.962274
29395,7.426673
29396,6.667973
29397,14.090257
29398,14.27516
29399,7.865907
29400,14.205974
29401,6.5775585
29402,6.5123477
29403,6.098753
29404,5.9138446
29405,5.731693
29406,5.4406853
29407,5.6527715
29408,5.383161
29409,5.2372212
29410,5.2312007
29411,5.0116262
29412,8.984821
29413,7.5105047
29414,5.928288
29415,6.931016
29416,14.097117
29417,9.091721
29418,6.422933
29419,5.863891
29420,5.5858207
29421,5.542567
29422,5.440526
29423,5.2039204
29424,5.112192
29425,5.2192545
29426,4.8976164
29427,5.593301
29428,5.4188232
29429,5.5129833
29430,6.0602674
29431,11.300292
29432,7.990952
29433,5.7309995
29434,5.7125425
29435,12.36267
29436,14.146861
29437,14.204926
29438,14.303087
29439,8.431944
29440,14.075456
29441,14.281612
29442,14.240372
29443,13.596861
29444,13.514201
29445,14.192718
29446,14.264376
29447,14.049696
29448,12.006371
29449,8.596903
29450,9.538871
29451,12.101811
29452,11.034922
29453,14.1440935
29454,14.010953
29455,14.139996
29456,14.195085
29457,13.92043
29458,14.0721855
29459,7.671709
29460,8.527024
29461,6.912156
29462,6.283607
29463,6.2761145
29464,7.4971547
29465,6.440342
29466,6.1037188
29467,5.961014
29468,5.92607
29469,5.9063997
29470,5.788315
29471,5.875602
29472,13.873017
29473,7.0752892
29474,6.119107
29475,5.9019547
29476,12.15097
29477,13.494598
29478,6.5567327
29479,13.9350815
29480,7.2897215
29481,14.11842
29482,10.054398
29483,13.024907
29484,7.7891088
29485,6.8129883
29486,6.1001344
29487,6.096286
29488,6.103024
29489,5.8873167
29490,6.89532
29491,6.3210764
29492,12.2957115
29493,6.5629616
29494,9.390009
29495,6.8320994
29496,6.1473155
29497,5.9633923
29498,5.717722
29499,11.421067
29500,6.2523737
29501,5.8920383
29502,6.674565
29503,12.900828
29504,6.3632917
29505,7.6228933
29506,6.040397
29507,11.338906
29508,13.846232
29509,14.15621
29510,14.309801
29511,14.31503
29512,14.319711
29513,14.32354
29514,14.337521
29515,14.342169
29516,14.352123
29517,14.334802
29518,14.344362
29519,14.328234
29520,14.34298
29521,14.339846
29522,14.334214
29523,14.344729
29524,14.31911
29525,14.336912
29526,14.309888
29527,14.325424
29528,14.305642
29529,14.343698
29530,14.322668
29531,9.963053
29532,8.88239
29533,9.006096
29534,7.1579666
29535,6.832051
29536,7.4715576
29537,6.9459186
29538,13.66269
29539,11.735693
29540,14.120421
29541,14.251701
29542,14.279291
29543,13.149613
29544,7.2004514
29545,7.0482955
29546,14.1933975
29547,9.784171
29548,7.286105
29549,14.158797
29550,8.819265
29551,9.486699
29552,14.276058
29553,14.317761
29554,9.513938
29555,7.441547
29556,6.84668
29557,9.809661
29558,14.1766405
29559,14.255708
29560,9.004007
29561,11.531884
29562,7.495103
29563,7.012311
29564,6.8504214
29565,13.733941
29566,14.279907
29567,14.057457
29568,8.118234
29569,13.931562
29570,7.352119
29571,6.7620187
29572,6.6406775
29573,6.4409957
29574,6.418593
29575,6.1629734
29576,6.186282
29577,6.1353703
29578,5.962421
29579,10.214103
29580,6.551374
29581,5.915786
29582,5.906764
29583,5.620196
29584,5.4785914
29585,5.4468083
29586,5.2361703
29587,5.375294
29588,5.253979
29589,5.166528
29590,5.111336
29591,4.8997326
29592,5.4005227
29593,5.1350803
29594,4.835694
29595,4.883053
29596,12.458597
29597,5.656349
29598,5.1849957
29599,5.1964355
29600,10.23338
29601,5.6349053
29602,6.6480303
29603,13.1368885
29604,13.830731
29605,6.5724244
29606,5.706618
29607,5.518519
29608,11.885848
29609,6.138518
29610,8.702735
29611,6.619872
29612,6.5114136
29613,5.8081703
29614,6.2185707
29615,5.772085
29616,6.102013
29617,5.556591
29618,8.889388
29619,11.754598
29620,7.020395
29621,8.586784
29622,6.3006177
29623,14.044396
29624,6.6303744
29625,5.9546404
29626,5.9348273
29627,11.635148
29628,11.738135
29629,6.54397
29630,5.880963
29631,5.332773
29632,5.361487
29633,5.199732
29634,13.378363
29635,5.9555
29636,5.5474734
29637,5.5339932
29638,6.267509
29639,12.612128
29640,6.014228
29641,5.442132
29642,5.371847
29643,13.262494
29644,7.212337
29645,5.977013
29646,5.8695126
29647,6.2098475
29648,6.612278
29649,13.959388
29650,13.95605
29651,13.999675
29652,13.340241
29653,14.068571
29654,14.185366
29655,13.939295
29656,14.062616
29657,14.295498
29658,8.78275
29659,6.9473677
29660,7.535665
29661,11.020655
29662,6.6357236
29663,6.1534905
29664,5.9205627
29665,5.9246807
29666,5.637892
29667,11.800659
29668,7.619188
29669,6.432507
29670,5.882494
29671,5.567279
29672,5.6195726
29673,5.306392
29674,5.439171
29675,5.1638093
29676,5.3088923
29677,5.616921
29678,10.694862
29679,9.771334
29680,14.007285
29681,6.6395483
29682,6.6852083
29683,10.4551115
29684,6.3162866
29685,6.878134
29686,13.734412
29687,8.804822
29688,13.579597
29689,6.428942
29690,12.686536
29691,14.187521
29692,13.885394
29693,14.305972
29694,12.197549
29695,14.042697
29696,6.8852897
29697,7.702232
29698,13.770792
29699,7.121606
29700,6.1468782
29701,6.077282
29702,5.820158
29703,5.9384394
29704,5.825363
29705,5.5118523
29706,5.573427
29707,5.5347095
29708,5.50091
29709,5.4057612
29710,5.2127924
29711,5.215815
29712,5.747131
29713,5.456797
29714,5.2531652
29715,4.961924
29716,5.122951
29717,4.8438215
29718,8.066965
29719,5.6916103
29720,5.132593
29721,5.0289545
29722,10.416584
29723,6.017647
29724,5.4132967
29725,5.071561
29726,5.108264
29727,5.0067673
29728,4.937346
29729,4.728363
29730,6.127322
29731,11.056731
29732,5.632629
29733,7.564406
29734,5.709673
29735,8.599407
29736,5.7682576
29737,5.3912735
29738,5.2019033
29739,13.197641
29740,12.094575
29741,13.943884
29742,6.692677
29743,6.2525725
29744,9.845092
29745,6.147254
29746,6.42134
29747,13.868661
29748,13.761701
29749,6.5873046
29750,5.792538
29751,5.7580028
29752,12.528968
29753,9.254544
29754,5.9795265
29755,13.897575
29756,7.358105
29757,12.5903635
29758,6.0174284
29759,10.233189
29760,6.1673408
29761,8.676348
29762,9.040985
29763,14.094092
29764,14.255297
29765,7.860909
29766,13.849357
29767,6.499616
29768,6.414591
29769,5.927944
29770,5.6402674
29771,11.872621
29772,13.781556
29773,6.7922096
29774,14.0109005
29775,6.9166245
29776,7.9705935
29777,14.174627
29778,14.21474
29779,14.1200905
29780,14.226065
29781,14.26363
29782,8.999268
29783,7.3664804
29784,6.2581844
29785,6.344319
29786,6.256358
29787,6.8364973
29788,6.6765375
29789,5.9847364
29790,13.904793
29791,13.989925
29792,7.216792
29793,7.090484
29794,12.651698
29795,7.6008806
29796,9.453177
29797,6.805468
29798,6.1663265
29799,6.2601843
29800,6.024883
29801,6.1651583
29802,13.997675
29803,8.773764
29804,7.21115
29805,13.99502
29806,6.7173977
29807,6.2719274
29808,12.124931
29809,12.715208
29810,7.3725853
29811,6.7814445
29812,6.2475634
29813,6.122972
29814,6.0126333
29815,5.85151
29816,5.5312057
29817,5.5510006
29818,5.524404
29819,6.5473623
29820,8.434306
29821,6.311417
29822,5.579113
29823,5.3649526
29824,5.4196362
29825,5.143133
29826,5.0509057
29827,5.9686227
29828,13.675686
29829,6.2921352
29830,5.700374
29831,5.4887424
29832,5.4776897
29833,5.205476
29834,5.070709
29835,5.011621
29836,4.858272
29837,5.1003036
29838,6.192617
29839,8.298097
29840,5.8713017
29841,5.7673903
29842,5.3543406
29843,8.918696
29844,5.950957
29845,5.262784
29846,5.1322665
29847,4.988967
29848,11.55512
29849,13.908945
29850,6.2077503
29851,5.5975733
29852,11.592088
29853,5.843383
29854,8.473343
29855,5.748127
29856,7.246819
29857,7.8449993
29858,6.027962
29859,5.5576363
29860,5.304796
29861,5.3280888
29862,9.390383
29863,9.330229
29864,5.808178
29865,5.5402923
29866,6.5765877
29867,5.7839527
29868,5.379718
29869,5.1556487
29870,4.85796
29871,4.7622914
29872,4.773696
29873,4.6514626
29874,4.586161
29875,4.627654
29876,4.5782714
29877,4.5583844
29878,4.8642473
29879,8.515691
29880,5.3458757
29881,4.9762235
29882,4.850066
29883,9.70735
29884,11.511019
29885,5.9790063
29886,7.4993
29887,6.4167066
29888,10.011244
29889,7.152962
29890,5.9350023
29891,5.3890257
29892,5.638195
29893,5.168029
29894,5.1249437
29895,5.405215
29896,5.307884
29897,12.9623575
29898,7.536734
29899,6.063944
29900,13.921604
29901,8.294743
29902,6.297291
29903,14.13794
29904,7.7663507
29905,6.136761
29906,5.538086
29907,5.43855
29908,5.5951433
29909,5.5540695
29910,5.1773686
29911,5.01718
29912,5.3833575
29913,5.287808
29914,6.710519
29915,11.766365
29916,14.19148
29917,7.324882
29918,5.638146
29919,5.566015
29920,5.288346
29921,5.3851266
29922,5.937977
29923,5.4576445
29924,4.997248
29925,8.4978285
29926,6.967761
29927,14.198564
29928,6.5327816
29929,5.5056057
29930,5.502069
29931,5.3436627
29932,5.0843687
29933,5.510948
29934,12.968952
29935,5.9876714
29936,5.696175
29937,5.3493824
29938,7.657344
29939,5.9991517
29940,5.3969674
29941,5.7338214
29942,5.343167
29943,5.068631
29944,5.1346555
29945,4.93426
29946,4.964816
29947,4.8279243
29948,6.1412973
29949,5.6066484
29950,5.1239057
29951,4.978392
29952,4.8453584
29953,4.793796
29954,4.6475263
29955,5.72169
29956,5.141204
29957,11.709266
29958,7.5092196
29959,5.456054
29960,5.178038
29961,5.235207
29962,8.573036
29963,5.945199
29964,5.320613
29965,10.424908
29966,5.7741194
29967,5.347423
29968,5.0680137
29969,4.883181
29970,4.78512
29971,5.4836717
29972,11.801483
29973,14.070893
29974,13.9429035
29975,13.326452
29976,6.267477
29977,7.314252
29978,6.0119996
29979,7.5796885
29980,5.8934693
29981,5.8097525
29982,5.466382
29983,5.212014
29984,5.047189
29985,5.1691895
29986,5.0201945
29987,4.816966
29988,9.296499
29989,5.7603016
29990,5.4110994
29991,5.074234
29992,13.088284
29993,5.822296
29994,5.1756926
29995,5.194904
29996,4.962683
29997,4.85831
29998,4.860237
29999,4.7454886
30000,4.5208354
30001,4.625653
30002,4.3779
30003,4.502127
30004,4.4894056
30005,4.4350543
30006,4.34902
30007,4.2991676
30008,4.3828926
30009,4.2130184
30010,4.1663737
30011,4.230829
30012,4.1799226
30013,4.2422605
30014,3.9887676
30015,4.0829816
30016,4.00151
30017,3.941956
30018,3.9252846
30019,3.816633
30020,3.9246166
30021,3.95531
30022,3.9020066
30023,3.8373628
30024,3.8139749
30025,3.8650546
30026,3.785491
30027,3.615443
30028,3.7921202
30029,3.5561137
30030,3.7435179
30031,3.6091557
30032,3.6502013
30033,3.5367868
30034,3.5539274
30035,4.996341
30036,4.3363743
30037,7.2351995
30038,4.782476
30039,4.364088
30040,4.179734
30041,6.7405424
30042,4.7956247
30043,4.4290442
30044,4.18707
30045,8.836701
30046,5.0662813
30047,4.5315924
30048,12.242107
30049,5.2088156
30050,6.960906
30051,7.0338864
30052,8.728002
30053,5.5699515
30054,4.8718176
30055,4.667558
30056,4.6267066
30057,4.4695086
30058,4.4092646
30059,4.2875156
30060,4.2633843
30061,10.816822
30062,4.9261003
30063,4.5849085
30064,4.4517965
30065,9.055227
30066,5.2374682
30067,4.703276
30068,4.5771914
30069,4.4885383
30070,4.42215
30071,4.421976
30072,4.2650194
30073,4.265191
30074,4.3011303
30075,4.2047544
30076,4.1427293
30077,4.110104
30078,4.1129847
30079,4.0712104
30080,3.9307888
30081,4.083969
30082,3.9390647
30083,3.945551
30084,4.0340214
30085,3.9180856
30086,3.9725232
30087,3.7818923
30088,3.906357
30089,3.8078542
30090,3.8652453
30091,3.723552
30092,3.8434453
30093,3.74177
30094,3.8458385
30095,3.7902613
30096,3.753182
30097,3.7462323
30098,3.7478223
30099,3.7759652
30100,3.68456
30101,3.7089977
30102,3.5171402
30103,3.665648
30104,3.5833333
30105,3.5345113
30106,3.4815872
30107,3.49983
30108,3.566534
30109,6.8437686
30110,4.3355737
30111,5.0290723
30112,4.475277
30113,4.1089954
30114,4.030071
30115,3.8551738
30116,3.8236332
30117,3.7384207
30118,3.7062721
30119,3.6843967
30120,3.686112
30121,6.73568
30122,4.674256
30123,4.131883
30124,4.0750394
30125,3.9182057
30126,3.8325915
30127,3.7615538
30128,3.755461
30129,3.6743636
30130,3.6795816
30131,3.5948393
30132,3.62016
30133,3.5722768
30134,3.58132
30135,3.5232325
30136,3.4922602
30137,3.5176249
30138,3.4819863
30139,3.4890394
30140,4.2005672
30141,3.890218
30142,3.8041453
30143,4.208498
30144,3.9856613
30145,3.9044707
30146,3.7012007
30147,3.743082
30148,3.6397164
30149,3.6505315
30150,3.5929132
30151,3.6380842
30152,3.580959
30153,3.583348
30154,3.5584228
30155,3.5413573
30156,3.514479
30157,3.536177
30158,3.5102854
30159,3.5393918
30160,3.5290408
30161,3.4589067
30162,3.4864974
30163,4.8441615
30164,5.094245
30165,6.6853023
30166,9.686053
30167,4.9674315
30168,5.185175
30169,4.7205405
30170,4.429648
30171,4.274308
30172,4.2140164
30173,4.0731864
30174,4.1064034
30175,4.9904056
30176,4.671626
30177,4.2930784
30178,4.17355
30179,4.1599693
30180,4.005192
30181,9.760124
30182,13.757517
30183,13.906729
30184,14.193683
30185,14.19207
30186,14.189056
30187,14.269957
30188,14.260981
30189,14.260208
30190,14.305489
30191,8.6829815
30192,6.475523
30193,11.616926
30194,13.845033
30195,14.079688
30196,7.6891055
30197,13.372175
30198,6.9558506
30199,6.3541117
30200,5.8816557
30201,8.980216
30202,11.642336
30203,14.093585
30204,12.084101
30205,11.743164
30206,7.680318
30207,6.842157
30208,6.305511
30209,8.2978115
30210,6.7312665
30211,13.602332
30212,14.218363
30213,6.983209
30214,7.3620505
30215,6.491296
30216,10.465159
30217,6.8725753
30218,13.280589
30219,14.120168
30220,14.069428
30221,8.026531
30222,6.8171716
30223,10.355817
30224,9.806553
30225,6.74145
30226,6.1940603
30227,13.7424965
30228,13.22149
30229,10.052322
30230,8.043145
30231,13.317074
30232,13.398435
30233,7.7267528
30234,7.218622
30235,7.5063853
30236,12.673553
30237,9.28206
30238,13.737439
30239,7.4372196
30240,8.349421
30241,13.40253
30242,9.619841
30243,10.75896
30244,9.06557
30245,6.97254
30246,6.87438
30247,7.8525476
30248,6.9027534
30249,7.1726723
30250,7.2783756
30251,6.3328137
30252,6.0942626
30253,9.424193
30254,8.534019
30255,9.237499
30256,10.326014
30257,6.496017
30258,8.238118
30259,11.450462
30260,13.406669
30261,13.385816
30262,14.311035
30263,13.859623
30264,14.137803
30265,10.748839
30266,7.0520697
30267,12.761675
30268,13.732884
30269,14.111043
30270,14.052385
30271,14.267038
30272,14.071657
30273,11.686499
30274,14.293867
30275,14.177232
30276,13.524622
30277,13.372837
30278,7.3606353
30279,7.321915
30280,9.7891655
30281,6.5652437
30282,6.823375
30283,8.505523
30284,6.857077
30285,12.091339
30286,14.05497
30287,14.196517
30288,14.331842
30289,14.180548
30290,12.587594
30291,8.36285
30292,6.941551
30293,6.5822396
30294,6.5137577
30295,6.388557
30296,8.40176
30297,14.229631
30298,14.306279
30299,11.43796
30300,7.2707086
30301,12.70194
30302,7.5626287
30303,6.64362
30304,6.3603973
30305,10.530732
30306,13.965015
30307,14.037419
30308,13.910302
30309,7.407839
30310,13.186456
30311,8.254625
30312,13.03181
30313,14.179311
30314,14.1715355
30315,13.685138
30316,7.4045324
30317,10.151601
30318,10.9057
30319,13.734737
30320,13.160026
30321,13.867613
30322,7.5289726
30323,6.9532943
30324,12.10009
30325,12.504611
30326,7.5651264
30327,6.788093
30328,10.681504
30329,10.600474
30330,13.9739485
30331,13.263845
30332,14.231592
30333,14.2219925
30334,13.882254
30335,10.622109
30336,8.768825
30337,6.8455877
30338,7.383473
30339,12.319049
30340,14.243249
30341,14.298597
30342,12.120135
30343,7.6371903
30344,13.708797
30345,7.9946623
30346,6.942983
30347,8.177402
30348,11.309233
30349,7.447818
30350,7.0985904
30351,7.669162
30352,8.979984
30353,9.816758
30354,13.369249
30355,13.919786
30356,10.944202
30357,12.034813
30358,10.321028
30359,7.1534653
30360,6.5847235
30361,10.046091
30362,9.331107
30363,13.821921
30364,14.043731
30365,10.547774
30366,10.175857
30367,8.012024
30368,7.700509
30369,9.800784
30370,13.594359
30371,7.8395514
30372,13.287159
30373,12.841402
30374,14.123963
30375,14.018469
30376,11.088544
30377,13.780894
30378,13.36028
30379,7.3372617
30380,12.657523
30381,7.7469964
30382,7.210653
30383,14.101874
30384,11.831658
30385,12.143077
30386,7.931428
30387,7.3548145
30388,11.317836
30389,9.781611
30390,7.177254
30391,9.924982
30392,7.4666786
30393,10.579812
30394,7.147486
30395,6.835334
30396,6.5813103
30397,9.1810665
30398,6.729062
30399,13.824458
30400,7.196822
30401,6.372261
30402,6.1054296
30403,6.40222
30404,8.539333
30405,13.497314
30406,8.451257
30407,6.5910535
30408,6.6749306
30409,6.127658
30410,7.0159802
30411,7.3941703
30412,13.173011
30413,14.078212
30414,13.969253
30415,7.54763
30416,8.820896
30417,10.810751
30418,8.04255
30419,9.577025
30420,9.953358
30421,14.309605
30422,11.415061
30423,7.0855947
30424,9.439331
30425,14.073888
30426,13.805099
30427,13.586092
30428,14.07898
30429,14.240748
30430,14.291257
30431,14.185572
30432,14.233572
30433,14.115568
30434,11.359727
30435,6.951078
30436,8.705788
30437,9.14028
30438,8.563116
30439,6.6028824
30440,11.982908
30441,8.367839
30442,14.162694
30443,10.445879
30444,7.135639
30445,7.440022
30446,6.7857785
30447,10.543803
30448,13.792788
30449,13.796831
30450,14.248056
30451,14.24202
30452,8.151957
30453,9.411413
30454,14.137354
30455,14.011704
30456,14.267641
30457,9.920125
30458,14.180274
30459,14.259109
30460,8.006332
30461,13.766663
30462,8.316916
30463,12.178935
30464,13.817369
30465,7.374335
30466,12.099583
30467,14.283143
30468,9.012231
30469,7.786547
30470,14.014066
30471,14.296477
30472,8.743544
30473,8.871599
30474,9.060239
30475,13.78304
30476,7.2051263
30477,6.519447
30478,6.4688683
30479,6.6503468
30480,6.5286293
30481,13.138236
30482,12.685655
30483,8.121423
30484,9.095848
30485,6.8483896
30486,9.479701
30487,13.84126
30488,13.459225
30489,8.972829
30490,13.4547205
30491,7.0852747
30492,8.189984
30493,8.156617
30494,13.783167
30495,14.26466
30496,13.25814
30497,14.25282
30498,14.2280245
30499,7.564951
30500,8.169666
30501,11.950775
30502,6.95584
30503,10.927539
30504,14.16643
30505,9.141682
30506,13.759237
30507,13.594602
30508,14.276375
30509,8.944392
30510,6.891801
30511,14.1597
30512,13.981198
30513,6.93486
30514,8.245797
30515,8.4073515
30516,10.801825
30517,6.9154058
30518,6.4716864
30519,10.169081
30520,14.186593
30521,7.777169
30522,6.727222
30523,6.2970724
30524,7.6402617
30525,6.4557533
30526,6.2793097
30527,13.332768
30528,13.487622
30529,6.6747046
30530,6.7567177
30531,10.95896
30532,6.874624
30533,11.608992
30534,6.9357443
30535,13.5361595
30536,6.915184
30537,6.412343
30538,6.0122504
30539,6.042834
30540,5.9389243
30541,5.932728
30542,5.8186064
30543,5.5603967
30544,5.683159
30545,5.541905
30546,5.4200773
30547,5.2228394
30548,9.265396
30549,6.0300555
30550,5.562398
30551,5.381292
30552,5.2452984
30553,5.274746
30554,5.198338
30555,6.373134
30556,5.543242
30557,5.2438455
30558,5.1290617
30559,4.9805026
30560,4.800282
30561,6.1984587
30562,8.164483
30563,5.775982
30564,13.426504
30565,5.7147512
30566,5.555827
30567,5.2897954
30568,5.0385003
30569,4.953147
30570,5.200621
30571,5.1401653
30572,6.6266375
30573,5.19476
30574,4.9466324
30575,4.8189983
30576,5.4571347
30577,8.967986
30578,5.3582315
30579,10.9801235
30580,13.447921
30581,13.983979
30582,14.16394
30583,9.637271
30584,6.3152204
30585,13.327544
30586,14.18884
30587,6.510561
30588,6.818528
30589,5.9757447
30590,6.009955
30591,13.009383
30592,6.757515
30593,11.199191
30594,6.4051065
30595,5.880455
30596,5.472041
30597,11.017025
30598,6.2425375
30599,5.5276346
30600,5.2650166
30601,5.224944
30602,5.221647
30603,5.034323
30604,4.9676166
30605,4.8819733
30606,5.0081387
30607,4.6876917
30608,7.9552746
30609,5.579369
30610,7.2613416
30611,5.626645
30612,5.313376
30613,13.490658
30614,14.008862
30615,14.262626
30616,7.9557986
30617,13.2483635
30618,6.487913
30619,7.0633807
30620,5.806324
30621,5.8358607
30622,5.4758687
30623,5.4036226
30624,13.3775425
30625,7.0058675
30626,6.0757484
30627,5.6279387
30628,9.723125
30629,6.2826467
30630,7.207939
30631,5.677548
30632,5.4478617
30633,7.712372
30634,7.5592966
30635,6.762534
30636,5.9558578
30637,5.655335
30638,5.991273
30639,10.891108
30640,14.094259
30641,14.257352
30642,6.4870276
30643,6.0024347
30644,5.8891335
30645,5.544629
30646,5.623944
30647,5.1990485
30648,5.3074813
30649,5.1925635
30650,5.054897
30651,11.957701
30652,6.4850354
30653,5.3501887
30654,5.2254677
30655,4.9575915
30656,6.126511
30657,13.946661
30658,6.329516
30659,5.377171
30660,5.115793
30661,5.197584
30662,5.051138
30663,4.9309983
30664,6.946859
30665,5.5390735
30666,5.3705497
30667,5.0194335
30668,10.684222
30669,5.746083
30670,9.243628
30671,6.0650535
30672,13.491964
30673,6.3964663
30674,5.542207
30675,5.450568
30676,5.1359134
30677,7.0029945
30678,5.388509
30679,5.0650907
30680,7.897974
30681,6.1792626
30682,5.276695
30683,12.644097
30684,6.0449123
30685,5.3877077
30686,5.0301814
30687,5.071112
30688,5.1062593
30689,5.467183
30690,5.1077633
30691,4.922494
30692,4.70325
30693,4.8219748
30694,8.646976
30695,5.303483
30696,4.9540753
30697,4.6749663
30698,4.7700896
30699,4.6308875
30700,4.487859
30701,4.39112
30702,4.341994
30703,4.2357545
30704,4.3205895
30705,7.333891
30706,5.1108413
30707,4.6606116
30708,4.5314865
30709,4.3070517
30710,8.392382
30711,5.2699165
30712,4.638213
30713,4.58596
30714,4.530943
30715,4.4312096
30716,4.383678
30717,4.2658353
30718,4.187826
30719,4.247233
30720,4.071732
30721,8.546246
30722,4.769288
30723,4.522952
30724,4.294633
30725,4.2481737
30726,4.1793766
30727,4.1734943
30728,4.077081
30729,4.0244527
30730,7.266415
30731,4.950814
30732,4.438081
30733,4.2767525
30734,7.6620035
30735,12.243517
30736,14.152266
30737,5.9746685
30738,5.4344454
30739,4.9285183
30740,4.8868284
30741,4.786907
30742,4.894098
30743,4.967334
30744,11.240534
30745,5.325015
30746,5.348818
30747,5.121049
30748,4.7212353
30749,4.6927834
30750,4.447368
30751,4.3996725
